objects
0.368433	0	0.929654	0	1.000000	0	-0.929654	0	0.368433	201728.536961	0	872.557327	0	t_FagusSylvatica_3fb
-0.786620	0	0.617437	0	1.000000	0	-0.617437	0	-0.786620	201732.237412	0	845.990513	0	t_FagusSylvatica_3fb
-0.856980	0	-0.515350	0	1.000000	0	0.515350	0	-0.856980	201732.757311	0	890.868046	0	t_FagusSylvatica_3fb
0.988807	0	-0.149200	0	1.000000	0	0.149200	0	0.988807	201747.966879	0	815.706743	0	t_FagusSylvatica_3fb
-0.889173	0	-0.457570	0	1.000000	0	0.457570	0	-0.889173	201744.969819	0	837.049264	0	t_FagusSylvatica_3fb
-0.788157	0	0.615474	0	1.000000	0	-0.615474	0	-0.788157	201748.558136	0	868.275120	0	t_FagusSylvatica_3fb
0.985603	0	-0.169077	0	1.000000	0	0.169077	0	0.985603	201752.656156	0	899.398203	0	t_FagusSylvatica_3fb
0.399943	0	0.916540	0	1.000000	0	-0.916540	0	0.399943	201764.440514	0	790.869940	0	t_FagusSylvatica_3fb
-0.073232	0	0.997315	0	1.000000	0	-0.997315	0	-0.073232	201764.481290	0	810.550965	0	t_FagusSylvatica_3fb
-0.992135	0	0.125174	0	1.000000	0	-0.125174	0	-0.992135	201760.016283	0	849.176475	0	t_FagusSylvatica_3fb
-0.470437	0	-0.882433	0	1.000000	0	0.882433	0	-0.470437	201765.969626	0	865.671538	0	t_FagusSylvatica_3fb
0.144411	0	0.989518	0	1.000000	0	-0.989518	0	0.144411	201760.872585	0	886.294648	0	t_FagusSylvatica_3fb
-0.884567	0	-0.466414	0	1.000000	0	0.466414	0	-0.884567	201767.672037	0	905.256262	0	t_FagusSylvatica_3fb
0.210259	0	0.977646	0	1.000000	0	-0.977646	0	0.210259	201762.350727	0	922.265190	0	t_FagusSylvatica_3fb
0.385129	0	0.922863	0	1.000000	0	-0.922863	0	0.385129	201779.466589	0	740.922274	0	t_FagusSylvatica_3fb
-0.458891	0	0.888492	0	1.000000	0	-0.888492	0	-0.458891	201772.565196	0	760.620428	0	t_FagusSylvatica_3fb
0.808080	0	0.589072	0	1.000000	0	-0.589072	0	0.808080	201775.980213	0	777.406681	0	t_FagusSylvatica_3fb
0.762927	0	-0.646485	0	1.000000	0	0.646485	0	0.762927	201779.405424	0	802.311998	0	t_FagusSylvatica_3fb
0.748105	0	0.663581	0	1.000000	0	-0.663581	0	0.748105	201773.992368	0	943.539196	0	t_FagusSylvatica_3fb
-0.176490	0	0.984302	0	1.000000	0	-0.984302	0	-0.176490	201780.557356	0	837.374712	0	t_FagusSylvatica_3fb
0.467304	0	-0.884097	0	1.000000	0	0.884097	0	0.467304	201784.706347	0	861.749036	0	t_FagusSylvatica_3fb
-0.488610	0	-0.872502	0	1.000000	0	0.872502	0	-0.488610	201785.593232	0	888.863973	0	t_FagusSylvatica_3fb
-0.952401	0	0.304847	0	1.000000	0	-0.304847	0	-0.952401	201786.133518	0	913.015622	0	t_FagusSylvatica_3fb
0.950185	0	0.311687	0	1.000000	0	-0.311687	0	0.950185	201783.992761	0	931.172181	0	t_FagusSylvatica_3fb
0.109034	0	0.994038	0	1.000000	0	-0.994038	0	0.109034	201787.244673	0	957.036713	0	t_FagusSylvatica_3fb
0.971320	0	-0.237776	0	1.000000	0	0.237776	0	0.971320	201797.153319	0	708.857106	0	t_FagusSylvatica_3fb
-0.901052	0	0.433711	0	1.000000	0	-0.433711	0	-0.901052	201791.220364	0	723.262451	0	t_FagusSylvatica_3fb
0.999879	0	-0.015531	0	1.000000	0	0.015531	0	0.999879	201795.930030	0	746.043794	0	t_FagusSylvatica_3fb
-0.875183	0	0.483792	0	1.000000	0	-0.483792	0	-0.875183	201793.850437	0	775.967859	0	t_FagusSylvatica_3fb
-0.996353	0	0.085322	0	1.000000	0	-0.085322	0	-0.996353	201796.225658	0	790.955585	0	t_FagusSylvatica_3fb
-0.902709	0	0.430252	0	1.000000	0	-0.430252	0	-0.902709	201792.178608	0	824.510961	0	t_FagusSylvatica_3fb
0.593055	0	0.805162	0	1.000000	0	-0.805162	0	0.593055	201798.386803	0	844.363274	0	t_FagusSylvatica_3fb
0.686879	0	0.726771	0	1.000000	0	-0.726771	0	0.686879	201809.793979	0	773.484179	0	t_FagusSylvatica_3fb
-0.940144	0	0.340779	0	1.000000	0	-0.340779	0	-0.940144	201806.409545	0	861.988840	0	t_FagusSylvatica_3fb
-0.439533	0	0.898226	0	1.000000	0	-0.898226	0	-0.439533	201806.205663	0	892.323996	0	t_FagusSylvatica_3fb
-0.444521	0	0.895768	0	1.000000	0	-0.895768	0	-0.444521	201800.119797	0	920.757853	0	t_FagusSylvatica_3fb
0.467304	0	0.884097	0	1.000000	0	-0.884097	0	0.467304	201811.863378	0	675.678563	0	t_FagusSylvatica_3fb
-0.942088	0	0.335365	0	1.000000	0	-0.335365	0	-0.942088	201811.353674	0	690.854706	0	t_FagusSylvatica_3fb
-0.949013	0	0.315238	0	1.000000	0	-0.315238	0	-0.949013	201818.469142	0	715.057742	0	t_FagusSylvatica_3fb
0.937602	0	0.347710	0	1.000000	0	-0.347710	0	0.937602	201811.078434	0	734.173515	0	t_FagusSylvatica_3fb
0.860761	0	-0.509009	0	1.000000	0	0.509009	0	0.860761	201817.072553	0	815.586841	0	t_FagusSylvatica_3fb
0.039635	0	-0.999214	0	1.000000	0	0.999214	0	0.039635	201813.922582	0	876.085866	0	t_FagusSylvatica_3fb
0.931811	0	0.362945	0	1.000000	0	-0.362945	0	0.931811	201815.268201	0	927.078391	0	t_FagusSylvatica_3fb
0.153702	0	-0.988117	0	1.000000	0	0.988117	0	0.153702	201810.079414	0	943.847515	0	t_FagusSylvatica_3fb
-0.465862	0	0.884857	0	1.000000	0	-0.884857	0	-0.465862	201810.252713	0	969.849078	0	t_FagusSylvatica_3fb
-0.822021	0	-0.569457	0	1.000000	0	0.569457	0	-0.822021	201818.224484	0	990.814765	0	t_FagusSylvatica_3fb
0.011457	0	-0.999934	0	1.000000	0	0.999934	0	0.011457	201826.135091	0	749.880652	0	t_FagusSylvatica_3fb
0.308543	0	-0.951210	0	1.000000	0	0.951210	0	0.308543	201824.198216	0	784.806335	0	t_FagusSylvatica_3fb
-0.608308	0	0.793701	0	1.000000	0	-0.793701	0	-0.608308	201824.116663	0	906.506667	0	t_FagusSylvatica_3fb
-0.806780	0	-0.590853	0	1.000000	0	0.590853	0	-0.806780	201823.759870	0	960.428222	0	t_FagusSylvatica_3fb
0.950185	0	0.311687	0	1.000000	0	-0.311687	0	0.950185	201824.707920	0	975.998327	0	t_FagusSylvatica_3fb
-0.999381	0	0.035179	0	1.000000	0	-0.035179	0	-0.999381	201837.277221	0	642.294475	0	t_FagusSylvatica_3fb
-0.092532	0	-0.995710	0	1.000000	0	0.995710	0	-0.092532	201832.394257	0	656.511403	0	t_FagusSylvatica_3fb
-0.695540	0	-0.718488	0	1.000000	0	0.718488	0	-0.695540	201830.008842	0	806.988169	0	t_FagusSylvatica_3fb
0.807854	0	0.589382	0	1.000000	0	-0.589382	0	0.807854	201830.131171	0	857.980694	0	t_FagusSylvatica_3fb
0.290981	0	-0.956729	0	1.000000	0	0.956729	0	0.290981	201839.978653	0	896.349271	0	t_FagusSylvatica_3fb
-0.453602	0	0.891204	0	1.000000	0	-0.891204	0	-0.453602	201833.230171	0	944.344251	0	t_FagusSylvatica_3fb
-0.637258	0	-0.770650	0	1.000000	0	0.770650	0	-0.637258	201844.504825	0	625.525351	0	t_FagusSylvatica_3fb
-0.997651	0	-0.068498	0	1.000000	0	0.068498	0	-0.997651	201848.419352	0	698.168716	0	t_FagusSylvatica_3fb
0.743249	0	-0.669014	0	1.000000	0	0.669014	0	0.743249	201841.365048	0	726.756732	0	t_FagusSylvatica_3fb
-0.656414	0	-0.754401	0	1.000000	0	0.754401	0	-0.656414	201844.963558	0	757.383079	0	t_FagusSylvatica_3fb
-0.865073	0	-0.501646	0	1.000000	0	0.501646	0	-0.865073	201849.183908	0	796.916417	0	t_FagusSylvatica_3fb
-0.425009	0	-0.905189	0	1.000000	0	0.905189	0	-0.425009	201845.248993	0	821.753220	0	t_FagusSylvatica_3fb
-0.964613	0	-0.263670	0	1.000000	0	0.263670	0	-0.964613	201840.386416	0	920.620822	0	t_FagusSylvatica_3fb
0.572644	0	-0.819804	0	1.000000	0	0.819804	0	0.572644	201847.848483	0	965.669643	0	t_FagusSylvatica_3fb
-0.989077	0	0.147399	0	1.000000	0	-0.147399	0	-0.989077	201840.060206	0	993.726666	0	t_FagusSylvatica_3fb
-0.126267	0	0.991996	0	1.000000	0	-0.991996	0	-0.126267	201857.950817	0	608.190976	0	t_FagusSylvatica_3fb
-0.323914	0	-0.946086	0	1.000000	0	0.946086	0	-0.323914	201850.692632	0	671.807448	0	t_FagusSylvatica_3fb
0.987992	0	0.154507	0	1.000000	0	-0.154507	0	0.987992	201853.812021	0	740.956532	0	t_FagusSylvatica_3fb
0.947214	0	0.320601	0	1.000000	0	-0.320601	0	0.947214	201855.392103	0	856.165038	0	t_FagusSylvatica_3fb
0.297762	0	0.954640	0	1.000000	0	-0.954640	0	0.297762	201850.927096	0	883.382747	0	t_FagusSylvatica_3fb
0.829537	0	-0.558452	0	1.000000	0	0.558452	0	0.829537	201858.909061	0	901.950398	0	t_FagusSylvatica_3fb
0.687993	0	0.725717	0	1.000000	0	-0.725717	0	0.687993	201854.974146	0	925.468281	0	t_FagusSylvatica_3fb
-0.194579	0	0.980887	0	1.000000	0	-0.980887	0	-0.194579	201852.558149	0	1022.931320	0	t_FagusSylvatica_3fb
-0.996019	0	-0.089143	0	1.000000	0	0.089143	0	-0.996019	201865.841036	0	564.341173	0	t_FagusSylvatica_3fb
0.503511	0	0.863989	0	1.000000	0	-0.863989	0	0.503511	201867.747329	0	635.699876	0	t_FagusSylvatica_3fb
0.340463	0	-0.940258	0	1.000000	0	0.940258	0	0.340463	201864.933763	0	665.247106	0	t_FagusSylvatica_3fb
0.930412	0	0.366516	0	1.000000	0	-0.366516	0	0.930412	201862.476989	0	688.799247	0	t_FagusSylvatica_3fb
-0.667052	0	-0.745011	0	1.000000	0	0.745011	0	-0.667052	201865.086674	0	711.631976	0	t_FagusSylvatica_3fb
-0.831619	0	0.555346	0	1.000000	0	-0.555346	0	-0.831619	201868.878872	0	726.551186	0	t_FagusSylvatica_3fb
-0.823873	0	-0.566774	0	1.000000	0	0.566774	0	-0.823873	201866.717727	0	748.715891	0	t_FagusSylvatica_3fb
-0.776211	0	-0.630473	0	1.000000	0	0.630473	0	-0.776211	201864.199789	0	772.730510	0	t_FagusSylvatica_3fb
0.942313	0	-0.334732	0	1.000000	0	0.334732	0	0.942313	201867.492477	0	842.119398	0	t_FagusSylvatica_3fb
-0.975638	0	-0.219389	0	1.000000	0	0.219389	0	-0.975638	201869.347800	0	868.703341	0	t_FagusSylvatica_3fb
-0.699799	0	0.714340	0	1.000000	0	-0.714340	0	-0.699799	201868.409944	0	885.215532	0	t_FagusSylvatica_3fb
0.928715	0	-0.370794	0	1.000000	0	0.370794	0	0.928715	201862.701259	0	959.794455	0	t_FagusSylvatica_3fb
-0.776694	0	0.629878	0	1.000000	0	-0.629878	0	-0.776694	201864.740075	0	975.587235	0	t_FagusSylvatica_3fb
0.352694	0	0.935739	0	1.000000	0	-0.935739	0	0.352694	201868.705573	0	1001.417510	0	t_FagusSylvatica_3fb
-0.478708	0	-0.877974	0	1.000000	0	0.877974	0	-0.478708	201878.165680	0	550.004343	0	t_FagusSylvatica_3fb
-0.449667	0	0.893196	0	1.000000	0	-0.893196	0	-0.449667	201877.136078	0	588.938172	0	t_FagusSylvatica_3fb
0.948193	0	-0.317694	0	1.000000	0	0.317694	0	0.948193	201870.622060	0	617.526188	0	t_FagusSylvatica_3fb
-0.522685	0	-0.852526	0	1.000000	0	0.852526	0	-0.522685	201878.920042	0	657.881710	0	t_FagusSylvatica_3fb
0.714642	0	0.699490	0	1.000000	0	-0.699490	0	0.714642	201877.686558	0	673.811521	0	t_FagusSylvatica_3fb
-0.223642	0	0.974671	0	1.000000	0	-0.974671	0	-0.223642	201870.091968	0	804.932709	0	t_FagusSylvatica_3fb
-0.521867	0	-0.853027	0	1.000000	0	0.853027	0	-0.521867	201872.497771	0	827.063157	0	t_FagusSylvatica_3fb
0.495371	0	-0.868682	0	1.000000	0	0.868682	0	0.495371	201871.549721	0	942.408693	0	t_FagusSylvatica_3fb
-0.298768	0	0.954326	0	1.000000	0	-0.954326	0	-0.298768	201873.649702	0	1028.309772	0	t_FagusSylvatica_3fb
-0.137292	0	-0.990531	0	1.000000	0	0.990531	0	-0.137292	201880.928276	0	526.537847	0	t_FagusSylvatica_3fb
0.393959	0	0.919128	0	1.000000	0	-0.919128	0	0.393959	201889.572856	0	610.349208	0	t_FagusSylvatica_3fb
0.998976	0	-0.045238	0	1.000000	0	0.045238	0	0.998976	201888.767524	0	644.007358	0	t_FagusSylvatica_3fb
0.667552	0	-0.744563	0	1.000000	0	0.744563	0	0.667552	201887.513652	0	696.747023	0	t_FagusSylvatica_3fb
-0.941444	0	0.337171	0	1.000000	0	-0.337171	0	-0.941444	201881.876325	0	737.736312	0	t_FagusSylvatica_3fb
-0.727726	0	0.685868	0	1.000000	0	-0.685868	0	-0.727726	201884.486010	0	786.913181	0	t_FagusSylvatica_3fb
0.807628	0	-0.589692	0	1.000000	0	0.589692	0	0.807628	201885.637941	0	813.479995	0	t_FagusSylvatica_3fb
0.954454	0	0.298357	0	1.000000	0	-0.298357	0	0.954454	201888.400537	0	838.847791	0	t_FagusSylvatica_3fb
0.604267	0	-0.796782	0	1.000000	0	0.796782	0	0.604267	201880.653035	0	853.064720	0	t_FagusSylvatica_3fb
-0.855097	0	-0.518469	0	1.000000	0	0.518469	0	-0.855097	201883.099615	0	899.244043	0	t_FagusSylvatica_3fb
0.832842	0	0.553511	0	1.000000	0	-0.553511	0	0.832842	201882.905927	0	931.857334	0	t_FagusSylvatica_3fb
-0.989854	0	0.142086	0	1.000000	0	-0.142086	0	-0.989854	201886.198615	0	974.251187	0	t_FagusSylvatica_3fb
-0.936430	0	0.350854	0	1.000000	0	-0.350854	0	-0.936430	201886.830648	0	1019.779615	0	t_FagusSylvatica_3fb
0.504339	0	0.863506	0	1.000000	0	-0.863506	0	0.504339	201880.520512	0	1047.665349	0	t_FagusSylvatica_3fb
0.999343	0	-0.036233	0	1.000000	0	0.036233	0	0.999343	201892.855350	0	544.780050	0	t_FagusSylvatica_3fb
0.554748	0	0.832018	0	1.000000	0	-0.832018	0	0.554748	201891.142745	0	562.987995	0	t_FagusSylvatica_3fb
0.666695	0	-0.745331	0	1.000000	0	0.745331	0	0.666695	201893.283502	0	594.659201	0	t_FagusSylvatica_3fb
-0.253250	0	-0.967401	0	1.000000	0	0.967401	0	-0.253250	201899.797519	0	682.307420	0	t_FagusSylvatica_3fb
-0.579307	0	0.815110	0	1.000000	0	-0.815110	0	-0.579307	201890.225277	0	711.580590	0	t_FagusSylvatica_3fb
-0.981543	0	0.191239	0	1.000000	0	-0.191239	0	-0.981543	201898.360154	0	744.022592	0	t_FagusSylvatica_3fb
0.946412	0	0.322962	0	1.000000	0	-0.322962	0	0.946412	201894.435433	0	771.634265	0	t_FagusSylvatica_3fb
-0.959163	0	-0.282853	0	1.000000	0	0.282853	0	-0.959163	201897.809674	0	798.098306	0	t_FagusSylvatica_3fb
-0.732573	0	-0.680688	0	1.000000	0	0.680688	0	-0.732573	201893.691265	0	863.753109	0	t_FagusSylvatica_3fb
0.980143	0	0.198292	0	1.000000	0	-0.198292	0	0.980143	201893.823788	0	879.271828	0	t_FagusSylvatica_3fb
-0.867754	0	-0.496994	0	1.000000	0	0.496994	0	-0.867754	201891.428179	0	914.659990	0	t_FagusSylvatica_3fb
0.841546	0	-0.540186	0	1.000000	0	0.540186	0	0.841546	201898.349960	0	938.143615	0	t_FagusSylvatica_3fb
0.983034	0	-0.183422	0	1.000000	0	0.183422	0	0.983034	201896.219397	0	1006.539030	0	t_FagusSylvatica_3fb
0.984073	0	0.177764	0	1.000000	0	-0.177764	0	0.984073	201895.118436	0	1065.033982	0	t_FagusSylvatica_3fb
-0.977616	0	0.210399	0	1.000000	0	-0.210399	0	-0.977616	201905.251353	0	622.784738	0	t_FagusSylvatica_3fb
0.603197	0	-0.797592	0	1.000000	0	0.797592	0	0.603197	201906.066879	0	663.568481	0	t_FagusSylvatica_3fb
-0.018647	0	-0.999826	0	1.000000	0	0.999826	0	-0.018647	201908.645981	0	703.786972	0	t_FagusSylvatica_3fb
-0.981396	0	-0.191992	0	1.000000	0	0.191992	0	-0.981396	201904.537767	0	721.395409	0	t_FagusSylvatica_3fb
-0.173658	0	-0.984806	0	1.000000	0	0.984806	0	-0.173658	201901.989247	0	820.468557	0	t_FagusSylvatica_3fb
0.846175	0	-0.532904	0	1.000000	0	0.532904	0	0.846175	201906.647942	0	888.915359	0	t_FagusSylvatica_3fb
0.934772	0	-0.355249	0	1.000000	0	0.355249	0	0.934772	201903.987287	0	904.759526	0	t_FagusSylvatica_3fb
0.914049	0	0.405604	0	1.000000	0	-0.405604	0	0.914049	201901.540707	0	1029.799980	0	t_FagusSylvatica_3fb
-0.564996	0	0.825094	0	1.000000	0	-0.825094	0	-0.564996	201910.266840	0	539.264567	0	t_FagusSylvatica_3fb
-0.284094	0	-0.958796	0	1.000000	0	0.958796	0	-0.284094	201910.705186	0	582.943082	0	t_FagusSylvatica_3fb
0.997787	0	0.066489	0	1.000000	0	-0.066489	0	0.997787	201919.196855	0	655.535060	0	t_FagusSylvatica_3fb
0.480642	0	-0.876917	0	1.000000	0	0.876917	0	0.480642	201914.313890	0	677.562735	0	t_FagusSylvatica_3fb
0.817243	0	0.576294	0	1.000000	0	-0.576294	0	0.817243	201913.692051	0	738.558496	0	t_FagusSylvatica_3fb
0.678332	0	0.734756	0	1.000000	0	-0.734756	0	0.678332	201916.791052	0	755.019301	0	t_FagusSylvatica_3fb
-0.322463	0	-0.946582	0	1.000000	0	0.946582	0	-0.322463	201913.406617	0	775.591025	0	t_FagusSylvatica_3fb
-0.895064	0	0.445938	0	1.000000	0	-0.445938	0	-0.895064	201913.223124	0	793.182332	0	t_FagusSylvatica_3fb
-0.962925	0	0.269769	0	1.000000	0	-0.269769	0	-0.962925	201919.737141	0	848.919543	0	t_FagusSylvatica_3fb
-0.863336	0	-0.504629	0	1.000000	0	0.504629	0	-0.863336	201915.445433	0	962.312393	0	t_FagusSylvatica_3fb
-0.350809	0	-0.936447	0	1.000000	0	0.936447	0	-0.350809	201916.403677	0	979.150032	0	t_FagusSylvatica_3fb
-0.093105	0	0.995656	0	1.000000	0	-0.995656	0	-0.093105	201911.439160	0	995.285389	0	t_FagusSylvatica_3fb
-0.728383	0	-0.685170	0	1.000000	0	0.685170	0	-0.728383	201922.601678	0	551.374649	0	t_FagusSylvatica_3fb
-0.985781	0	0.168038	0	1.000000	0	-0.168038	0	-0.985781	201920.562862	0	570.199233	0	t_FagusSylvatica_3fb
-0.661462	0	0.749978	0	1.000000	0	-0.749978	0	-0.661462	201923.672057	0	610.503368	0	t_FagusSylvatica_3fb
-0.150954	0	0.988541	0	1.000000	0	-0.988541	0	-0.150954	201928.259393	0	637.447016	0	t_FagusSylvatica_3fb
0.995203	0	-0.097829	0	1.000000	0	0.097829	0	0.995203	201921.215283	0	713.139313	0	t_FagusSylvatica_3fb
0.166762	0	-0.985997	0	1.000000	0	0.985997	0	0.166762	201925.180781	0	804.230427	0	t_FagusSylvatica_3fb
-0.589266	0	0.807939	0	1.000000	0	-0.807939	0	-0.589266	201920.379369	0	821.444901	0	t_FagusSylvatica_3fb
0.307266	0	-0.951624	0	1.000000	0	0.951624	0	0.307266	201925.629320	0	893.026278	0	t_FagusSylvatica_3fb
-0.957465	0	0.288550	0	1.000000	0	-0.288550	0	-0.957465	201920.460921	0	924.406294	0	t_FagusSylvatica_3fb
-0.050649	0	-0.998717	0	1.000000	0	0.998717	0	-0.050649	201929.696758	0	991.431403	0	t_FagusSylvatica_3fb
-0.975722	0	0.219014	0	1.000000	0	-0.219014	0	-0.975722	201939.309777	0	583.936554	0	t_FagusSylvatica_3fb
-0.770986	0	-0.636852	0	1.000000	0	0.636852	0	-0.770986	201937.270960	0	624.103658	0	t_FagusSylvatica_3fb
0.967993	0	0.250977	0	1.000000	0	-0.250977	0	0.967993	201934.956904	0	677.459962	0	t_FagusSylvatica_3fb
0.188839	0	-0.982008	0	1.000000	0	0.982008	0	0.188839	201930.308403	0	692.464816	0	t_FagusSylvatica_3fb
0.446496	0	0.894786	0	1.000000	0	-0.894786	0	0.446496	201936.057865	0	739.894544	0	t_FagusSylvatica_3fb
-0.913855	0	0.406042	0	1.000000	0	-0.406042	0	-0.913855	201939.615599	0	791.709253	0	t_FagusSylvatica_3fb
0.866177	0	0.499737	0	1.000000	0	-0.499737	0	0.866177	201937.464648	0	815.912289	0	t_FagusSylvatica_3fb
0.740292	0	-0.672286	0	1.000000	0	0.672286	0	0.740292	201931.827321	0	833.777658	0	t_FagusSylvatica_3fb
-0.885727	0	0.464207	0	1.000000	0	-0.464207	0	-0.885727	201932.948670	0	871.598113	0	t_FagusSylvatica_3fb
-0.936026	0	-0.351931	0	1.000000	0	0.351931	0	-0.936026	201935.334085	0	936.499247	0	t_FagusSylvatica_3fb
-0.658725	0	-0.752383	0	1.000000	0	0.752383	0	-0.658725	201930.879272	0	963.168834	0	t_FagusSylvatica_3fb
0.999748	0	-0.022433	0	1.000000	0	0.022433	0	0.999748	201939.248612	0	1018.649112	0	t_FagusSylvatica_3fb
0.953129	0	0.302563	0	1.000000	0	-0.302563	0	0.953129	201940.482096	0	566.585050	0	t_FagusSylvatica_3fb
0.921211	0	-0.389063	0	1.000000	0	0.389063	0	0.921211	201942.215090	0	653.822177	0	t_FagusSylvatica_3fb
0.375375	0	-0.926873	0	1.000000	0	0.926873	0	0.375375	201948.035910	0	698.202974	0	t_FagusSylvatica_3fb
-0.494621	0	-0.869109	0	1.000000	0	0.869109	0	-0.494621	201944.569922	0	715.417447	0	t_FagusSylvatica_3fb
-0.925735	0	0.378172	0	1.000000	0	-0.378172	0	-0.925735	201947.403877	0	751.610664	0	t_FagusSylvatica_3fb
0.767863	0	0.640614	0	1.000000	0	-0.640614	0	0.767863	201940.155885	0	767.900180	0	t_FagusSylvatica_3fb
0.842580	0	0.538571	0	1.000000	0	-0.538571	0	0.842580	201948.953377	0	858.066338	0	t_FagusSylvatica_3fb
0.989949	0	0.141422	0	1.000000	0	-0.141422	0	0.989949	201941.267040	0	913.392456	0	t_FagusSylvatica_3fb
-0.898121	0	-0.439748	0	1.000000	0	0.439748	0	-0.898121	201945.721854	0	984.597000	0	t_FagusSylvatica_3fb
-0.909681	0	0.415308	0	1.000000	0	-0.415308	0	-0.909681	201942.531106	0	1002.753559	0	t_FagusSylvatica_3fb
-0.539742	0	0.841830	0	1.000000	0	-0.841830	0	-0.539742	201957.241165	0	603.292131	0	t_FagusSylvatica_3fb
-0.352425	0	0.935840	0	1.000000	0	-0.935840	0	-0.352425	201951.665003	0	629.893203	0	t_FagusSylvatica_3fb
0.928359	0	-0.371684	0	1.000000	0	0.371684	0	0.928359	201954.050418	0	737.684925	0	t_FagusSylvatica_3fb
-0.974273	0	-0.225371	0	1.000000	0	0.225371	0	-0.974273	201956.140204	0	828.364948	0	t_FagusSylvatica_3fb
-0.915713	0	-0.401832	0	1.000000	0	0.401832	0	-0.915713	201958.250379	0	877.439044	0	t_FagusSylvatica_3fb
-0.769519	0	0.638624	0	1.000000	0	-0.638624	0	-0.769519	201951.563062	0	897.034424	0	t_FagusSylvatica_3fb
0.901758	0	0.432242	0	1.000000	0	-0.432242	0	0.901758	201956.935342	0	911.422641	0	t_FagusSylvatica_3fb
0.808306	0	0.588762	0	1.000000	0	-0.588762	0	0.808306	201951.807720	0	925.708085	0	t_FagusSylvatica_3fb
0.994956	0	0.100310	0	1.000000	0	-0.100310	0	0.994956	201952.439753	0	956.197401	0	t_FagusSylvatica_3fb
0.949345	0	-0.314237	0	1.000000	0	0.314237	0	0.949345	201963.388196	0	557.027163	0	t_FagusSylvatica_3fb
-0.428131	0	-0.903717	0	1.000000	0	0.903717	0	-0.428131	201963.296449	0	645.823014	0	t_FagusSylvatica_3fb
-0.093296	0	-0.995638	0	1.000000	0	0.995638	0	-0.093296	201960.595017	0	668.450197	0	t_FagusSylvatica_3fb
0.747213	0	0.664584	0	1.000000	0	-0.664584	0	0.747213	201967.628933	0	681.707911	0	t_FagusSylvatica_3fb
0.541275	0	0.840846	0	1.000000	0	-0.840846	0	0.541275	201960.431912	0	709.593645	0	t_FagusSylvatica_3fb
-0.444865	0	-0.895598	0	1.000000	0	0.895598	0	-0.444865	201967.506604	0	749.469560	0	t_FagusSylvatica_3fb
0.999831	0	0.018407	0	1.000000	0	-0.018407	0	0.999831	201962.858103	0	765.073923	0	t_FagusSylvatica_3fb
0.953187	0	0.302380	0	1.000000	0	-0.302380	0	0.953187	201966.721660	0	809.865812	0	t_FagusSylvatica_3fb
0.697947	0	0.716149	0	1.000000	0	-0.716149	0	0.697947	201963.490136	0	842.170784	0	t_FagusSylvatica_3fb
-0.976965	0	-0.213398	0	1.000000	0	0.213398	0	-0.976965	201968.842029	0	944.035932	0	t_FagusSylvatica_3fb
-0.321736	0	-0.946829	0	1.000000	0	0.946829	0	-0.321736	201960.962004	0	982.061933	0	t_FagusSylvatica_3fb
0.270922	0	0.962601	0	1.000000	0	-0.962601	0	0.270922	201971.492490	0	596.800304	0	t_FagusSylvatica_3fb
-0.966607	0	-0.256264	0	1.000000	0	0.256264	0	-0.966607	201972.603645	0	618.348372	0	t_FagusSylvatica_3fb
0.098354	0	-0.995152	0	1.000000	0	0.995152	0	0.098354	201978.567182	0	696.421576	0	t_FagusSylvatica_3fb
0.105031	0	0.994469	0	1.000000	0	-0.994469	0	0.105031	201976.803606	0	718.500637	0	t_FagusSylvatica_3fb
0.847908	0	0.530143	0	1.000000	0	-0.530143	0	0.847908	201978.852616	0	776.721527	0	t_FagusSylvatica_3fb
0.696985	0	0.717086	0	1.000000	0	-0.717086	0	0.696985	201978.618152	0	822.386986	0	t_FagusSylvatica_3fb
-0.419969	0	-0.907539	0	1.000000	0	0.907539	0	-0.419969	201976.130797	0	876.822406	0	t_FagusSylvatica_3fb
-0.362275	0	-0.932071	0	1.000000	0	0.932071	0	-0.362275	201989.270967	0	574.481440	0	t_FagusSylvatica_3fb
0.511442	0	0.859318	0	1.000000	0	-0.859318	0	0.511442	201986.753029	0	611.085748	0	t_FagusSylvatica_3fb
0.957327	0	0.289009	0	1.000000	0	-0.289009	0	0.957327	201985.957891	0	647.227578	0	t_FagusSylvatica_3fb
-0.931148	0	-0.364642	0	1.000000	0	0.364642	0	-0.931148	201988.608352	0	665.212849	0	t_FagusSylvatica_3fb
-0.996053	0	-0.088761	0	1.000000	0	0.088761	0	-0.996053	201986.141384	0	731.706964	0	t_FagusSylvatica_3fb
-0.978137	0	-0.207962	0	1.000000	0	0.207962	0	-0.978137	201989.036503	0	763.823519	0	t_FagusSylvatica_3fb
-0.185919	0	0.982565	0	1.000000	0	-0.982565	0	-0.185919	201983.664222	0	839.978294	0	t_FagusSylvatica_3fb
-0.664907	0	0.746927	0	1.000000	0	-0.746927	0	-0.664907	201987.089434	0	865.620151	0	t_FagusSylvatica_3fb
0.685065	0	-0.728482	0	1.000000	0	0.728482	0	0.685065	201985.896726	0	895.047480	0	t_FagusSylvatica_3fb
-0.846431	0	0.532499	0	1.000000	0	-0.532499	0	-0.846431	201986.559341	0	930.692574	0	t_FagusSylvatica_3fb
-0.462975	0	0.886371	0	1.000000	0	-0.886371	0	-0.462975	201991.768517	0	625.765155	0	t_FagusSylvatica_3fb
0.581103	0	-0.813830	0	1.000000	0	0.813830	0	0.581103	201994.347619	0	749.572333	0	t_FagusSylvatica_3fb
0.569969	0	-0.821666	0	1.000000	0	0.821666	0	0.569969	201992.889866	0	796.008589	0	t_FagusSylvatica_3fb
0.140805	0	0.990037	0	1.000000	0	-0.990037	0	0.140805	202007.151385	0	598.273384	0	t_FagusSylvatica_3fb
0.462720	0	-0.886504	0	1.000000	0	0.886504	0	0.462720	202005.887319	0	634.929078	0	t_FagusSylvatica_3fb
-0.556741	0	0.830686	0	1.000000	0	-0.830686	0	-0.556741	202005.387809	0	667.216922	0	t_FagusSylvatica_3fb
-0.976140	0	-0.217143	0	1.000000	0	0.217143	0	-0.976140	202000.953384	0	691.831049	0	t_FagusSylvatica_3fb
0.913035	0	-0.407881	0	1.000000	0	0.407881	0	0.913035	202001.177653	0	708.942750	0	t_FagusSylvatica_3fb
0.412559	0	0.910931	0	1.000000	0	-0.910931	0	0.412559	202006.967891	0	740.185734	0	t_FagusSylvatica_3fb
0.354308	0	0.935129	0	1.000000	0	-0.935129	0	0.354308	202007.416431	0	771.771296	0	t_FagusSylvatica_3fb
0.687297	0	0.726376	0	1.000000	0	-0.726376	0	0.687297	202003.155305	0	833.332308	0	t_FagusSylvatica_3fb
-0.232044	0	0.972705	0	1.000000	0	-0.972705	0	-0.232044	202007.895553	0	864.917869	0	t_FagusSylvatica_3fb
0.877170	0	0.480180	0	1.000000	0	-0.480180	0	0.877170	202005.866931	0	903.766054	0	t_FagusSylvatica_3fb
0.931671	0	0.363302	0	1.000000	0	-0.363302	0	0.931671	202018.762443	0	609.732571	0	t_FagusSylvatica_3fb
0.983661	0	0.180028	0	1.000000	0	-0.180028	0	0.983661	202017.508571	0	647.792829	0	t_FagusSylvatica_3fb
-0.652935	0	0.757414	0	1.000000	0	-0.757414	0	-0.652935	202016.142564	0	695.445232	0	t_FagusSylvatica_3fb
0.196742	0	0.980455	0	1.000000	0	-0.980455	0	0.196742	202018.313903	0	789.328346	0	t_FagusSylvatica_3fb
-0.057542	0	0.998343	0	1.000000	0	-0.998343	0	-0.057542	202015.500337	0	812.983259	0	t_FagusSylvatica_3fb
-0.873881	0	-0.486140	0	1.000000	0	0.486140	0	-0.873881	202019.098847	0	838.950564	0	t_FagusSylvatica_3fb
0.815804	0	0.578329	0	1.000000	0	-0.578329	0	0.815804	202010.168833	0	886.397421	0	t_FagusSylvatica_3fb
0.485344	0	-0.874323	0	1.000000	0	0.874323	0	0.485344	202023.431332	0	593.939790	0	t_FagusSylvatica_3fb
0.353412	0	0.935468	0	1.000000	0	-0.935468	0	0.353412	202020.842035	0	665.315622	0	t_FagusSylvatica_3fb
0.733812	0	-0.679352	0	1.000000	0	0.679352	0	0.733812	202029.741468	0	708.052051	0	t_FagusSylvatica_3fb
-0.324458	0	0.945900	0	1.000000	0	-0.945900	0	-0.324458	202024.430352	0	724.170279	0	t_FagusSylvatica_3fb
-0.211852	0	-0.977302	0	1.000000	0	0.977302	0	-0.211852	202022.259013	0	747.294199	0	t_FagusSylvatica_3fb
0.509463	0	-0.860493	0	1.000000	0	0.860493	0	0.509463	202026.938096	0	802.757348	0	t_FagusSylvatica_3fb
-0.649005	0	0.760784	0	1.000000	0	-0.760784	0	-0.649005	202036.235097	0	610.075147	0	t_FagusSylvatica_3fb
0.984175	0	0.177198	0	1.000000	0	-0.177198	0	0.984175	202036.224903	0	636.230869	0	t_FagusSylvatica_3fb
0.703964	0	-0.710235	0	1.000000	0	0.710235	0	0.703964	202036.143351	0	669.323768	0	t_FagusSylvatica_3fb
-0.806099	0	0.591781	0	1.000000	0	-0.591781	0	-0.806099	202031.382715	0	689.689946	0	t_FagusSylvatica_3fb
0.908122	0	0.418707	0	1.000000	0	-0.418707	0	0.908122	202032.544840	0	775.608153	0	t_FagusSylvatica_3fb
-0.523828	0	0.851824	0	1.000000	0	-0.851824	0	-0.523828	202033.441919	0	827.217316	0	t_FagusSylvatica_3fb
0.166384	0	0.986061	0	1.000000	0	-0.986061	0	0.166384	202030.495830	0	856.764547	0	t_FagusSylvatica_3fb
-0.739712	0	0.672924	0	1.000000	0	-0.672924	0	-0.739712	202043.646194	0	730.028339	0	t_FagusSylvatica_3fb
-0.885370	0	0.464886	0	1.000000	0	-0.464886	0	-0.885370	202041.994753	0	754.402663	0	t_FagusSylvatica_3fb
0.817132	0	-0.576451	0	1.000000	0	0.576451	0	0.817132	202041.332138	0	795.580368	0	t_FagusSylvatica_3fb
-0.844485	0	-0.535579	0	1.000000	0	0.535579	0	-0.844485	202042.382128	0	810.979186	0	t_FagusSylvatica_3fb
-0.403017	0	0.915193	0	1.000000	0	-0.915193	0	-0.403017	202041.770483	0	839.961165	0	t_FagusSylvatica_3fb
end objects
