source/QGIS/gtt_export/gtt_heightmap.asc
ncols         512
nrows         512
xllcorner     200000.000000
yllcorner     0.000000
cellsize      4.000000
NODATA_value  -9999
[rows 192 to 223 of 512, columns 284 to 354 of 512]
152.75 152.70 152.65 152.59 152.54 152.50 152.48 152.48 152.49 152.51 152.54 152.57 152.59 152.61 152.64 152.66 152.68 152.71 152.75 152.79 152.84 152.91 152.98 153.04 153.08 153.11 153.11 153.09 153.06 153.03 153.01 153.01 153.02 153.05 153.08 153.13 153.19 153.28 153.39 153.55 153.73 153.93 154.13 154.31 154.49 154.65 154.82 154.98 155.15 155.30 155.45 155.59 155.72 155.84 155.96 156.08 156.21 156.35 156.48 156.62 156.76 156.90 157.04 157.17 157.30 157.41 157.53 157.67 157.83 158.06 158.67
152.83 152.80 152.76 152.72 152.69 152.66 152.65 152.65 152.66 152.68 152.70 152.72 152.74 152.76 152.78 152.79 152.81 152.83 152.85 152.88 152.92 152.96 153.01 153.05 153.08 153.10 153.10 153.08 153.05 153.02 153.01 153.01 153.02 153.04 153.07 153.11 153.17 153.26 153.38 153.54 153.72 153.92 154.13 154.33 154.52 154.71 154.89 155.08 155.26 155.43 155.58 155.71 155.82 155.92 156.01 156.11 156.22 156.34 156.47 156.60 156.73 156.86 156.99 157.12 157.23 157.33 157.44 157.56 157.70 157.95 158.56
152.91 152.89 152.87 152.84 152.83 152.81 152.81 152.81 152.82 152.83 152.84 152.86 152.87 152.88 152.89 152.90 152.91 152.92 152.93 152.95 152.97 152.99 153.02 153.04 153.06 153.06 153.06 153.04 153.01 152.99 152.98 152.99 153.00 153.01 153.04 153.08 153.14 153.23 153.35 153.52 153.71 153.93 154.15 154.36 154.56 154.76 154.97 155.17 155.36 155.54 155.69 155.81 155.90 155.98 156.04 156.12 156.21 156.32 156.44 156.57 156.70 156.82 156.95 157.06 157.16 157.26 157.35 157.46 157.60 157.84 158.45
152.97 152.96 152.96 152.95 152.94 152.94 152.94 152.94 152.94 152.95 152.96 152.96 152.96 152.97 152.97 152.97 152.97 152.97 152.97 152.98 152.98 152.98 152.98 152.99 152.99 152.98 152.98 152.96 152.95 152.94 152.93 152.94 152.96 152.97 152.99 153.03 153.09 153.18 153.31 153.48 153.69 153.92 154.15 154.37 154.58 154.79 155.01 155.23 155.43 155.61 155.76 155.87 155.94 156.00 156.04 156.10 156.18 156.28 156.40 156.52 156.65 156.78 156.90 157.01 157.10 157.19 157.28 157.38 157.51 157.74 158.32
153.01 153.01 153.02 153.03 153.03 153.03 153.03 153.03 153.03 153.02 153.01 153.01 153.00 152.99 152.99 152.98 152.97 152.96 152.95 152.94 152.92 152.91 152.89 152.87 152.86 152.85 152.84 152.84 152.84 152.84 152.85 152.87 152.89 152.90 152.92 152.95 153.01 153.10 153.24 153.42 153.64 153.87 154.11 154.34 154.55 154.78 155.00 155.23 155.44 155.62 155.77 155.87 155.93 155.97 156.00 156.05 156.11 156.21 156.32 156.45 156.59 156.71 156.84 156.95 157.04 157.13 157.21 157.32 157.45 157.67 158.19
153.02 153.04 153.05 153.07 153.08 153.09 153.09 153.08 153.07 153.05 153.03 153.00 152.98 152.96 152.94 152.92 152.91 152.88 152.86 152.83 152.79 152.76 152.71 152.68 152.65 152.64 152.64 152.65 152.67 152.69 152.72 152.75 152.78 152.80 152.82 152.85 152.91 153.00 153.14 153.33 153.55 153.78 154.02 154.26 154.48 154.71 154.94 155.17 155.38 155.56 155.71 155.81 155.86 155.89 155.91 155.95 156.01 156.11 156.23 156.36 156.50 156.64 156.77 156.88 156.98 157.07 157.17 157.28 157.42 157.62 158.06
153.01 153.04 153.06 153.09 153.11 153.12 153.12 153.11 153.08 153.04 153.00 152.96 152.92 152.89 152.86 152.82 152.79 152.75 152.71 152.67 152.61 152.54 152.47 152.41 152.37 152.36 152.37 152.40 152.45 152.50 152.55 152.60 152.64 152.67 152.69 152.73 152.78 152.88 153.02 153.21 153.43 153.66 153.91 154.14 154.36 154.59 154.83 155.06 155.27 155.46 155.61 155.70 155.74 155.77 155.79 155.81 155.88 155.98 156.10 156.25 156.40 156.55 156.69 156.82 156.93 157.03 157.14 157.26 157.40 157.59 157.95
152.99 153.02 153.05 153.09 153.12 153.13 153.13 153.11 153.06 153.01 152.95 152.89 152.83 152.78 152.73 152.69 152.64 152.59 152.53 152.47 152.38 152.29 152.19 152.11 152.05 152.04 152.06 152.11 152.19 152.28 152.36 152.43 152.48 152.51 152.54 152.58 152.64 152.74 152.88 153.07 153.28 153.52 153.76 153.99 154.21 154.45 154.68 154.92 155.13 155.32 155.46 155.55 155.59 155.61 155.63 155.65 155.72 155.83 155.96 156.12 156.28 156.45 156.61 156.75 156.88 157.00 157.12 157.26 157.41 157.59 157.86
152.97 153.00 153.04 153.08 153.11 153.13 153.12 153.08 153.03 152.95 152.86 152.78 152.70 152.64 152.57 152.52 152.46 152.39 152.32 152.24 152.13 152.01 151.89 151.79 151.72 151.70 151.74 151.82 151.93 152.04 152.15 152.25 152.31 152.35 152.39 152.43 152.49 152.58 152.73 152.91 153.13 153.36 153.60 153.83 154.05 154.28 154.51 154.74 154.96 155.14 155.29 155.38 155.42 155.44 155.45 155.48 155.55 155.67 155.81 155.98 156.17 156.35 156.52 156.68 156.82 156.97 157.11 157.27 157.43 157.62 157.85
152.96 152.99 153.03 153.07 153.10 153.11 153.10 153.04 152.96 152.86 152.75 152.65 152.55 152.47 152.39 152.32 152.26 152.18 152.10 152.00 151.88 151.74 151.60 151.48 151.41 151.39 151.44 151.54 151.67 151.82 151.95 152.06 152.14 152.18 152.22 152.27 152.33 152.43 152.58 152.76 152.97 153.20 153.43 153.65 153.87 154.09 154.32 154.55 154.76 154.95 155.09 155.18 155.23 155.25 155.26 155.30 155.38 155.51 155.66 155.85 156.04 156.24 156.43 156.61 156.78 156.94 157.11 157.28 157.47 157.67 157.88
152.97 153.00 153.03 153.06 153.09 153.09 153.06 152.99 152.88 152.76 152.62 152.49 152.37 152.28 152.20 152.12 152.04 151.97 151.88 151.78 151.64 151.49 151.34 151.22 151.14 151.12 151.18 151.30 151.45 151.62 151.77 151.89 151.98 152.03 152.08 152.12 152.19 152.29 152.43 152.61 152.81 153.04 153.26 153.48 153.69 153.91 154.13 154.35 154.56 154.74 154.88 154.98 155.03 155.05 155.08 155.13 155.22 155.35 155.52 155.72 155.93 156.14 156.35 156.54 156.73 156.92 157.11 157.31 157.51 157.73 157.94
153.01 153.02 153.04 153.06 153.06 153.04 152.99 152.89 152.76 152.61 152.45 152.29 152.16 152.05 151.96 151.88 151.81 151.73 151.65 151.55 151.42 151.26 151.12 151.00 150.92 150.91 150.98 151.10 151.26 151.44 151.61 151.73 151.82 151.88 151.93 151.98 152.05 152.15 152.29 152.47 152.66 152.88 153.09 153.31 153.51 153.72 153.93 154.14 154.34 154.52 154.66 154.76 154.82 154.86 154.90 154.96 155.07 155.21 155.39 155.60 155.82 156.04 156.26 156.47 156.69 156.91 157.13 157.35 157.58 157.81 158.03
153.08 153.07 153.06 153.04 153.01 152.96 152.88 152.76 152.59 152.40 152.21 152.03 151.88 151.76 151.67 151.59 151.53 151.46 151.38 151.29 151.17 151.03 150.90 150.79 150.73 150.73 150.80 150.93 151.10 151.27 151.44 151.57 151.67 151.73 151.78 151.84 151.91 152.01 152.15 152.31 152.51 152.71 152.92 153.12 153.31 153.51 153.71 153.90 154.09 154.26 154.40 154.51 154.58 154.65 154.71 154.80 154.91 155.08 155.27 155.48 155.71 155.94 156.18 156.42 156.66 156.91 157.17 157.43 157.68 157.93 158.16
153.16 153.12 153.08 153.02 152.95 152.86 152.75 152.59 152.39 152.17 151.94 151.74 151.56 151.44 151.35 151.27 151.22 151.16 151.10 151.02 150.92 150.80 150.69 150.61 150.56 150.57 150.65 150.78 150.94 151.11 151.28 151.41 151.51 151.58 151.63 151.69 151.77 151.87 152.00 152.16 152.34 152.54 152.73 152.93 153.10 153.28 153.46 153.64 153.81 153.97 154.11 154.23 154.33 154.42 154.51 154.62 154.76 154.94 155.14 155.36 155.60 155.84 156.10 156.35 156.63 156.92 157.22 157.52 157.80 158.07 158.32
153.25 153.18 153.10 153.01 152.90 152.77 152.61 152.42 152.18 151.93 151.67 151.44 151.25 151.11 151.02 150.95 150.91 150.87 150.82 150.76 150.68 150.59 150.50 150.44 150.41 150.43 150.51 150.64 150.80 150.97 151.13 151.26 151.35 151.43 151.49 151.55 151.63 151.73 151.86 152.01 152.18 152.36 152.55 152.72 152.89 153.05 153.21 153.37 153.52 153.67 153.82 153.95 154.07 154.19 154.31 154.45 154.61 154.80 155.02 155.24 155.49 155.74 156.01 156.29 156.60 156.93 157.27 157.60 157.92 158.21 158.47
153.34 153.24 153.12 153.00 152.85 152.69 152.50 152.28 152.00 151.71 151.43 151.16 150.96 150.81 150.72 150.66 150.63 150.60 150.58 150.53 150.46 150.39 150.33 150.29 150.27 150.31 150.39 150.52 150.68 150.83 150.99 151.12 151.21 151.29 151.36 151.43 151.50 151.60 151.72 151.87 152.03 152.19 152.36 152.53 152.68 152.82 152.96 153.10 153.24 153.38 153.53 153.67 153.81 153.96 154.11 154.28 154.46 154.67 154.89 155.13 155.37 155.64 155.92 156.22 156.56 156.93 157.30 157.67 158.01 158.33 158.61
153.41 153.29 153.15 153.00 152.83 152.64 152.43 152.18 151.88 151.55 151.24 150.95 150.73 150.58 150.48 150.43 150.41 150.39 150.37 150.34 150.28 150.23 150.18 150.16 150.16 150.20 150.28 150.41 150.56 150.72 150.87 151.00 151.09 151.17 151.24 151.31 151.39 151.48 151.60 151.73 151.88 152.03 152.19 152.33 152.47 152.60 152.73 152.85 152.98 153.11 153.26 153.42 153.58 153.74 153.92 154.11 154.31 154.53 154.76 155.00 155.25 155.53 155.82 156.15 156.51 156.90 157.30 157.70 158.07 158.40 158.70
153.46 153.34 153.19 153.03 152.84 152.64 152.41 152.14 151.82 151.47 151.13 150.82 150.58 150.42 150.33 150.28 150.26 150.25 150.24 150.20 150.16 150.11 150.07 150.05 150.05 150.10 150.19 150.32 150.47 150.63 150.78 150.90 151.00 151.08 151.15 151.22 151.30 151.39 151.49 151.61 151.74 151.88 152.01 152.15 152.28 152.40 152.51 152.62 152.74 152.87 153.02 153.19 153.36 153.54 153.74 153.94 154.16 154.39 154.63 154.87 155.13 155.41 155.72 156.05 156.44 156.85 157.27 157.69 158.08 158.43 158.74
153.51 153.39 153.24 153.08 152.89 152.68 152.44 152.16 151.81 151.44 151.07 150.75 150.49 150.32 150.23 150.18 150.16 150.16 150.15 150.12 150.07 150.02 149.98 149.96 149.97 150.01 150.11 150.24 150.39 150.55 150.71 150.83 150.93 151.01 151.08 151.15 151.22 151.30 151.40 151.50 151.61 151.73 151.84 151.96 152.07 152.18 152.28 152.39 152.51 152.64 152.79 152.96 153.14 153.34 153.55 153.77 154.00 154.24 154.48 154.74 155.01 155.30 155.61 155.96 156.35 156.77 157.21 157.65 158.05 158.41 158.74
153.55 153.44 153.30 153.15 152.96 152.76 152.51 152.21 151.85 151.45 151.07 150.72 150.45 150.27 150.17 150.12 150.11 150.11 150.10 150.07 150.02 149.96 149.92 149.89 149.90 149.94 150.04 150.17 150.33 150.50 150.65 150.79 150.88 150.96 151.03 151.09 151.16 151.23 151.31 151.40 151.48 151.57 151.66 151.76 151.86 151.96 152.06 152.16 152.28 152.41 152.56 152.74 152.93 153.14 153.37 153.60 153.84 154.09 154.34 154.60 154.88 155.18 155.50 155.85 156.26 156.69 157.14 157.58 157.99 158.37 158.72
153.59 153.48 153.36 153.22 153.05 152.84 152.60 152.29 151.91 151.50 151.09 150.72 150.44 150.26 150.15 150.11 150.09 150.09 150.08 150.05 149.99 149.93 149.88 149.85 149.85 149.89 149.98 150.13 150.29 150.46 150.62 150.75 150.85 150.93 150.99 151.05 151.11 151.17 151.24 151.30 151.36 151.43 151.50 151.58 151.66 151.75 151.85 151.95 152.06 152.20 152.35 152.53 152.74 152.95 153.18 153.43 153.68 153.94 154.19 154.46 154.75 155.05 155.38 155.74 156.15 156.59 157.04 157.49 157.91 158.30 158.66
153.61 153.52 153.42 153.29 153.13 152.94 152.70 152.39 152.00 151.57 151.15 150.76 150.47 150.28 150.17 150.12 150.11 150.11 150.10 150.06 149.99 149.92 149.86 149.82 149.81 149.85 149.94 150.09 150.26 150.43 150.60 150.73 150.82 150.90 150.96 151.02 151.07 151.12 151.18 151.22 151.26 151.30 151.35 151.41 151.48 151.57 151.66 151.76 151.87 152.01 152.17 152.35 152.56 152.79 153.02 153.27 153.53 153.79 154.05 154.32 154.61 154.92 155.25 155.62 156.03 156.47 156.92 157.37 157.80 158.20 158.58
153.62 153.55 153.46 153.35 153.21 153.03 152.80 152.49 152.09 151.66 151.22 150.83 150.53 150.33 150.22 150.17 150.16 150.15 150.13 150.09 150.02 149.94 149.87 149.82 149.80 149.83 149.93 150.07 150.24 150.42 150.58 150.71 150.80 150.88 150.94 150.99 151.03 151.08 151.12 151.15 151.17 151.19 151.22 151.27 151.34 151.42 151.50 151.61 151.72 151.86 152.02 152.20 152.42 152.65 152.89 153.14 153.40 153.66 153.92 154.19 154.48 154.78 155.11 155.48 155.89 156.33 156.78 157.23 157.67 158.07 158.46
153.62 153.56 153.49 153.40 153.27 153.11 152.89 152.58 152.19 151.76 151.32 150.93 150.62 150.42 150.31 150.25 150.23 150.22 150.19 150.14 150.06 149.97 149.89 149.83 149.81 149.83 149.93 150.07 150.24 150.41 150.58 150.70 150.79 150.87 150.92 150.97 151.01 151.04 151.08 151.10 151.11 151.12 151.13 151.17 151.23 151.31 151.40 151.50 151.62 151.75 151.91 152.10 152.31 152.54 152.78 153.03 153.28 153.54 153.80 154.06 154.34 154.64 154.97 155.33 155.73 156.17 156.62 157.07 157.50 157.92 158.32
153.60 153.56 153.51 153.44 153.34 153.19 152.99 152.69 152.31 151.89 151.46 151.07 150.76 150.56 150.44 150.38 150.34 150.32 150.29 150.22 150.13 150.03 149.94 149.87 149.84 149.86 149.95 150.08 150.25 150.43 150.58 150.71 150.79 150.86 150.91 150.95 150.99 151.02 151.05 151.06 151.06 151.06 151.07 151.11 151.16 151.24 151.33 151.43 151.56 151.70 151.86 152.04 152.24 152.46 152.69 152.94 153.18 153.43 153.68 153.93 154.19 154.48 154.79 155.15 155.55 155.97 156.42 156.86 157.30 157.72 158.13
153.57 153.55 153.53 153.48 153.41 153.28 153.10 152.82 152.46 152.05 151.63 151.25 150.95 150.75 150.62 150.55 150.50 150.46 150.41 150.34 150.24 150.13 150.02 149.94 149.90 149.91 149.99 150.12 150.28 150.45 150.61 150.73 150.81 150.87 150.91 150.95 150.98 151.01 151.03 151.04 151.03 151.03 151.04 151.07 151.12 151.20 151.30 151.41 151.53 151.67 151.83 152.01 152.21 152.42 152.64 152.87 153.10 153.33 153.56 153.79 154.04 154.30 154.61 154.95 155.33 155.75 156.18 156.62 157.06 157.48 157.89
153.52 153.53 153.53 153.52 153.47 153.37 153.21 152.96 152.62 152.23 151.83 151.46 151.17 150.97 150.84 150.75 150.69 150.63 150.57 150.48 150.36 150.24 150.13 150.03 149.98 149.98 150.05 150.17 150.33 150.49 150.64 150.75 150.83 150.88 150.92 150.95 150.98 151.00 151.02 151.02 151.02 151.01 151.02 151.05 151.11 151.19 151.29 151.41 151.54 151.69 151.84 152.01 152.20 152.40 152.60 152.82 153.03 153.24 153.45 153.65 153.88 154.12 154.41 154.73 155.10 155.50 155.93 156.36 156.79 157.21 157.63
153.47 153.50 153.53 153.54 153.51 153.44 153.31 153.08 152.77 152.41 152.03 151.69 151.40 151.21 151.07 150.96 150.88 150.81 150.73 150.63 150.50 150.37 150.24 150.14 150.07 150.06 150.12 150.23 150.38 150.54 150.68 150.78 150.85 150.90 150.93 150.96 150.98 151.00 151.02 151.02 151.02 151.02 151.03 151.06 151.13 151.21 151.32 151.44 151.58 151.72 151.88 152.04 152.21 152.39 152.58 152.78 152.97 153.16 153.35 153.53 153.73 153.95 154.21 154.52 154.87 155.26 155.67 156.10 156.52 156.94 157.36
153.41 153.46 153.51 153.54 153.54 153.49 153.38 153.18 152.90 152.57 152.23 151.90 151.64 151.44 151.30 151.18 151.08 150.99 150.90 150.78 150.64 150.50 150.36 150.25 150.17 150.15 150.20 150.30 150.44 150.58 150.71 150.81 150.87 150.92 150.95 150.97 150.99 151.01 151.03 151.04 151.04 151.05 151.06 151.10 151.17 151.26 151.37 151.50 151.64 151.78 151.93 152.08 152.24 152.40 152.58 152.75 152.93 153.10 153.26 153.42 153.59 153.79 154.03 154.32 154.66 155.03 155.43 155.84 156.26 156.67 157.09
153.36 153.41 153.47 153.52 153.53 153.51 153.42 153.24 153.00 152.70 152.40 152.10 151.86 151.67 151.51 151.39 151.27 151.16 151.05 150.92 150.77 150.62 150.48 150.36 150.27 150.24 150.28 150.37 150.49 150.63 150.75 150.84 150.89 150.93 150.96 150.99 151.01 151.03 151.05 151.07 151.08 151.09 151.12 151.17 151.24 151.33 151.45 151.57 151.71 151.85 151.99 152.13 152.28 152.43 152.58 152.74 152.90 153.05 153.19 153.33 153.48 153.66 153.88 154.15 154.47 154.83 155.22 155.62 156.02 156.43 156.85
153.30 153.36 153.42 153.46 153.49 153.47 153.40 153.26 153.05 152.81 152.54 152.29 152.07 151.89 151.73 151.58 151.45 151.32 151.19 151.06 150.91 150.75 150.60 150.48 150.39 150.35 150.38 150.45 150.55 150.67 150.78 150.86 150.91 150.95 150.98 151.00 151.03 151.05 151.09 151.11 151.14 151.17 151.21 151.26 151.34 151.44 151.56 151.69 151.82 151.96 152.09 152.21 152.34 152.48 152.61 152.75 152.89 153.02 153.14 153.25 153.38 153.54 153.74 153.99 154.30 154.64 155.01 155.40 155.80 156.20 156.62
153.24 153.29 153.34 153.38 153.40 153.39 153.34 153.23 153.07 152.88 152.68 152.47 152.29 152.12 151.95 151.79 151.64 151.49 151.34 151.20 151.04 150.89 150.74 150.62 150.53 150.48 150.49 150.55 150.63 150.73 150.82 150.88 150.93 150.96 150.99 151.02 151.05 151.08 151.13 151.17 151.22 151.27 151.33 151.40 151.49 151.59 151.71 151.84 151.97 152.10 152.22 152.33 152.44 152.56 152.67 152.78 152.90 153.01 153.09 153.18 153.29 153.42 153.60 153.84 154.12 154.45 154.80 155.18 155.57 155.96 156.37
