source/QGIS/gtt_export/gtt_heightmap.asc
ncols         512
nrows         512
xllcorner     200000.000000
yllcorner     0.000000
cellsize      4.000000
NODATA_value  -9999
[rows 160 to 191 of 512, columns 426 to 496 of 512]
172.61 174.58 176.38 177.70 177.99 177.69 177.26 176.72 176.10 175.40 174.65 173.90 173.21 172.54 171.90 171.10 169.79 167.82 165.64 164.20 163.80 163.85 163.95 164.08 164.24 164.40 164.58 164.77 164.97 165.20 165.45 165.69 165.90 166.07 166.18 166.24 166.27 166.28 166.28 166.29 166.32 166.37 166.42 166.47 166.50 166.51 166.49 166.44 166.36 166.26 166.14 166.04 165.95 165.89 165.83 165.78 165.73 165.67 165.61 165.53 165.43 165.33 165.22 165.13 165.05 165.00 164.97 164.97 164.98 164.99 165.00
171.93 173.75 175.39 176.48 176.67 176.31 175.78 175.19 174.55 173.89 173.25 172.65 172.12 171.64 171.03 170.00 168.34 166.23 164.65 164.01 164.00 164.08 164.20 164.35 164.53 164.72 164.91 165.10 165.31 165.55 165.79 166.02 166.23 166.39 166.50 166.56 166.59 166.60 166.60 166.61 166.63 166.67 166.71 166.75 166.77 166.77 166.74 166.68 166.58 166.46 166.34 166.22 166.13 166.05 165.98 165.92 165.86 165.80 165.73 165.64 165.53 165.41 165.29 165.18 165.09 165.03 165.00 164.99 165.00 165.01 165.01
171.16 172.83 174.30 175.21 175.24 174.78 174.29 173.70 173.12 172.57 172.09 171.68 171.33 170.90 170.13 168.77 166.90 165.17 164.26 164.15 164.22 164.32 164.45 164.62 164.81 165.02 165.23 165.43 165.64 165.87 166.11 166.34 166.54 166.69 166.80 166.87 166.90 166.91 166.91 166.91 166.93 166.96 167.00 167.02 167.04 167.03 166.98 166.91 166.80 166.67 166.54 166.41 166.30 166.21 166.14 166.07 166.01 165.93 165.85 165.75 165.63 165.50 165.36 165.24 165.14 165.07 165.04 165.02 165.02 165.03 165.03
170.36 171.87 173.14 173.84 173.77 173.30 172.80 172.32 171.85 171.48 171.21 170.99 170.70 170.17 169.15 167.56 165.82 164.62 164.31 164.37 164.45 164.56 164.70 164.89 165.09 165.31 165.53 165.74 165.95 166.18 166.41 166.63 166.82 166.97 167.08 167.14 167.18 167.19 167.19 167.19 167.21 167.23 167.26 167.28 167.28 167.26 167.21 167.13 167.01 166.87 166.73 166.59 166.47 166.38 166.30 166.22 166.15 166.07 165.98 165.87 165.74 165.60 165.45 165.32 165.21 165.13 165.09 165.06 165.05 165.05 165.05
169.58 170.92 171.98 172.46 172.26 171.90 171.50 171.17 170.92 170.76 170.66 170.51 170.16 169.43 168.21 166.53 165.09 164.54 164.53 164.59 164.68 164.80 164.96 165.15 165.36 165.59 165.81 166.02 166.23 166.45 166.67 166.88 167.07 167.21 167.32 167.38 167.41 167.43 167.43 167.43 167.45 167.47 167.49 167.50 167.50 167.47 167.41 167.32 167.20 167.05 166.90 166.76 166.64 166.53 166.45 166.37 166.29 166.21 166.11 165.99 165.86 165.71 165.55 165.41 165.29 165.21 165.15 165.12 165.11 165.10 165.09
168.84 170.03 170.87 171.17 170.93 170.67 170.48 170.35 170.32 170.31 170.27 170.09 169.61 168.66 167.27 165.72 164.86 164.73 164.77 164.84 164.93 165.05 165.21 165.41 165.62 165.84 166.07 166.27 166.47 166.68 166.90 167.09 167.27 167.41 167.51 167.57 167.60 167.62 167.62 167.62 167.64 167.65 167.67 167.68 167.67 167.64 167.58 167.48 167.35 167.21 167.05 166.91 166.78 166.68 166.59 166.51 166.43 166.34 166.24 166.12 165.98 165.83 165.67 165.53 165.41 165.32 165.25 165.21 165.18 165.16 165.13
168.31 169.28 169.91 170.07 169.88 169.78 169.79 169.88 169.97 170.02 169.97 169.68 169.01 167.85 166.44 165.31 164.97 164.99 165.04 165.11 165.20 165.32 165.47 165.66 165.86 166.07 166.28 166.48 166.67 166.87 167.06 167.25 167.42 167.55 167.64 167.71 167.74 167.76 167.76 167.77 167.78 167.80 167.81 167.82 167.81 167.77 167.71 167.62 167.49 167.34 167.19 167.04 166.91 166.81 166.72 166.64 166.56 166.48 166.38 166.26 166.12 165.97 165.82 165.67 165.54 165.45 165.37 165.31 165.27 165.23 165.19
167.93 168.75 169.21 169.24 169.27 169.35 169.51 169.70 169.80 169.82 169.66 169.19 168.31 167.03 165.84 165.24 165.23 165.27 165.33 165.39 165.48 165.59 165.74 165.90 166.09 166.28 166.47 166.65 166.82 167.01 167.19 167.37 167.52 167.65 167.74 167.80 167.84 167.86 167.87 167.88 167.89 167.91 167.92 167.93 167.92 167.88 167.83 167.73 167.60 167.46 167.31 167.16 167.04 166.94 166.85 166.77 166.70 166.61 166.52 166.40 166.26 166.12 165.97 165.83 165.70 165.60 165.51 165.44 165.37 165.32 165.26
167.80 168.48 168.80 168.89 169.04 169.23 169.40 169.55 169.63 169.56 169.24 168.55 167.49 166.30 165.56 165.44 165.51 165.56 165.62 165.68 165.76 165.87 166.00 166.15 166.31 166.48 166.64 166.80 166.96 167.13 167.30 167.46 167.61 167.72 167.81 167.87 167.90 167.93 167.94 167.95 167.97 167.99 168.00 168.01 168.00 167.98 167.92 167.83 167.70 167.56 167.42 167.28 167.16 167.06 166.98 166.90 166.83 166.75 166.66 166.55 166.42 166.28 166.14 166.00 165.88 165.77 165.67 165.58 165.49 165.41 165.34
167.88 168.39 168.60 168.77 168.94 169.13 169.27 169.39 169.40 169.19 168.65 167.74 166.67 165.83 165.60 165.70 165.78 165.85 165.91 165.97 166.05 166.15 166.27 166.40 166.54 166.68 166.82 166.96 167.10 167.25 167.40 167.54 167.67 167.78 167.86 167.91 167.95 167.98 168.00 168.01 168.03 168.05 168.07 168.07 168.07 168.04 167.99 167.90 167.79 167.66 167.52 167.39 167.27 167.18 167.11 167.03 166.96 166.89 166.80 166.70 166.57 166.45 166.32 166.19 166.07 165.95 165.84 165.73 165.62 165.52 165.43
168.03 168.30 168.48 168.66 168.83 168.99 169.13 169.18 169.06 168.63 167.86 166.87 166.03 165.69 165.79 165.93 166.04 166.12 166.19 166.26 166.33 166.43 166.54 166.65 166.77 166.89 167.01 167.13 167.26 167.38 167.51 167.63 167.74 167.83 167.90 167.96 167.99 168.02 168.04 168.05 168.07 168.09 168.11 168.12 168.12 168.10 168.05 167.97 167.86 167.74 167.61 167.49 167.38 167.29 167.23 167.16 167.10 167.03 166.95 166.85 166.74 166.63 166.50 166.38 166.26 166.14 166.01 165.89 165.76 165.64 165.52
168.00 168.17 168.36 168.55 168.72 168.86 168.94 168.87 168.55 167.88 166.98 166.10 165.68 165.76 165.97 166.13 166.26 166.36 166.44 166.52 166.60 166.70 166.81 166.92 167.03 167.14 167.25 167.35 167.45 167.55 167.65 167.75 167.83 167.90 167.96 168.00 168.03 168.05 168.07 168.09 168.10 168.12 168.14 168.15 168.15 168.13 168.09 168.02 167.92 167.81 167.69 167.58 167.48 167.41 167.35 167.29 167.23 167.17 167.10 167.01 166.91 166.80 166.69 166.57 166.46 166.33 166.20 166.05 165.90 165.76 165.64
167.89 168.05 168.25 168.43 168.60 168.69 168.67 168.42 167.86 166.99 166.12 165.57 165.60 165.87 166.11 166.30 166.45 166.58 166.69 166.79 166.89 167.00 167.11 167.23 167.34 167.44 167.54 167.63 167.71 167.78 167.84 167.89 167.94 167.99 168.02 168.05 168.07 168.09 168.10 168.11 168.12 168.14 168.15 168.16 168.16 168.15 168.11 168.05 167.96 167.86 167.76 167.66 167.58 167.51 167.46 167.42 167.37 167.32 167.25 167.17 167.09 166.99 166.89 166.78 166.66 166.54 166.39 166.22 166.06 165.90 165.75
167.76 167.95 168.14 168.31 168.44 168.44 168.27 167.79 166.98 166.07 165.44 165.36 165.64 165.95 166.22 166.44 166.62 166.78 166.92 167.06 167.18 167.31 167.44 167.57 167.69 167.80 167.89 167.96 168.01 168.04 168.06 168.07 168.07 168.08 168.09 168.10 168.11 168.11 168.12 168.12 168.13 168.14 168.15 168.15 168.15 168.14 168.10 168.05 167.98 167.90 167.81 167.74 167.67 167.62 167.58 167.54 167.51 167.47 167.41 167.35 167.27 167.19 167.10 167.00 166.88 166.75 166.59 166.41 166.22 166.04 165.87
167.65 167.85 168.02 168.16 168.21 168.08 167.68 166.97 166.04 165.32 165.11 165.36 165.69 166.02 166.31 166.56 166.77 166.97 167.15 167.32 167.47 167.63 167.77 167.92 168.05 168.16 168.24 168.31 168.33 168.32 168.29 168.24 168.20 168.17 168.15 168.14 168.13 168.13 168.12 168.12 168.11 168.11 168.12 168.12 168.12 168.11 168.08 168.04 167.99 167.92 167.86 167.80 167.75 167.71 167.69 167.67 167.65 167.62 167.58 167.52 167.46 167.39 167.31 167.22 167.11 166.98 166.80 166.60 166.39 166.19 166.01
167.55 167.72 167.88 167.95 167.88 167.56 166.93 166.08 165.25 164.89 165.05 165.39 165.74 166.09 166.40 166.67 166.92 167.15 167.36 167.56 167.74 167.91 168.08 168.24 168.38 168.49 168.58 168.63 168.63 168.57 168.49 168.39 168.30 168.23 168.19 168.16 168.14 168.12 168.11 168.10 168.09 168.08 168.08 168.08 168.08 168.07 168.05 168.02 167.99 167.94 167.90 167.86 167.83 167.81 167.80 167.79 167.79 167.77 167.74 167.70 167.65 167.60 167.53 167.45 167.34 167.20 167.02 166.80 166.57 166.35 166.15
167.45 167.60 167.70 167.67 167.44 166.91 166.11 165.28 164.73 164.78 165.09 165.44 165.81 166.16 166.49 166.78 167.05 167.30 167.55 167.77 167.97 168.16 168.33 168.50 168.65 168.77 168.85 168.88 168.86 168.77 168.64 168.50 168.37 168.27 168.20 168.15 168.12 168.09 168.07 168.05 168.04 168.03 168.03 168.03 168.03 168.03 168.02 168.01 167.99 167.97 167.94 167.92 167.91 167.90 167.91 167.92 167.92 167.92 167.90 167.87 167.84 167.79 167.74 167.66 167.56 167.42 167.24 167.01 166.76 166.53 166.33
167.34 167.44 167.46 167.29 166.85 166.14 165.30 164.69 164.57 164.82 165.16 165.52 165.89 166.26 166.60 166.90 167.18 167.44 167.69 167.93 168.14 168.33 168.51 168.68 168.82 168.94 169.01 169.04 168.99 168.87 168.72 168.55 168.38 168.26 168.17 168.11 168.07 168.04 168.01 167.99 167.98 167.97 167.97 167.98 167.99 168.00 168.00 168.00 168.00 168.00 167.99 167.99 167.99 168.00 168.02 168.04 168.06 168.07 168.06 168.04 168.01 167.98 167.94 167.87 167.77 167.64 167.45 167.22 166.97 166.73 166.52
167.20 167.23 167.12 166.77 166.14 165.36 164.69 164.45 164.62 164.92 165.26 165.63 166.01 166.38 166.72 167.02 167.30 167.56 167.81 168.03 168.23 168.41 168.58 168.74 168.88 168.98 169.05 169.05 168.99 168.86 168.68 168.49 168.31 168.17 168.08 168.01 167.96 167.93 167.90 167.89 167.88 167.88 167.90 167.92 167.94 167.97 167.99 168.00 168.02 168.03 168.05 168.07 168.09 168.11 168.13 168.17 168.19 168.21 168.21 168.20 168.18 168.16 168.13 168.07 167.98 167.85 167.67 167.45 167.20 166.97 166.76
167.01 166.92 166.65 166.12 165.39 164.72 164.39 164.49 164.75 165.06 165.41 165.78 166.16 166.53 166.87 167.15 167.42 167.66 167.88 168.08 168.26 168.42 168.57 168.71 168.83 168.91 168.96 168.95 168.87 168.73 168.54 168.34 168.15 168.00 167.91 167.84 167.79 167.76 167.74 167.73 167.73 167.75 167.79 167.83 167.88 167.92 167.96 168.00 168.04 168.07 168.11 168.15 168.18 168.22 168.26 168.30 168.33 168.35 168.37 168.36 168.36 168.34 168.32 168.26 168.19 168.07 167.90 167.70 167.47 167.25 167.05
166.73 166.50 166.04 165.39 164.72 164.34 164.38 164.63 164.90 165.22 165.57 165.95 166.33 166.69 167.01 167.29 167.53 167.74 167.92 168.09 168.23 168.37 168.49 168.61 168.70 168.76 168.79 168.77 168.68 168.53 168.34 168.13 167.94 167.80 167.70 167.63 167.59 167.56 167.55 167.55 167.57 167.60 167.66 167.73 167.80 167.88 167.94 168.00 168.06 168.12 168.17 168.23 168.28 168.33 168.38 168.43 168.47 168.50 168.52 168.52 168.53 168.52 168.50 168.46 168.39 168.29 168.14 167.95 167.75 167.55 167.37
166.34 165.94 165.33 164.70 164.27 164.27 164.50 164.77 165.07 165.39 165.75 166.13 166.50 166.85 167.16 167.42 167.63 167.80 167.95 168.07 168.19 168.29 168.39 168.48 168.54 168.59 168.59 168.56 168.46 168.31 168.11 167.91 167.73 167.58 167.49 167.43 167.39 167.36 167.36 167.37 167.40 167.46 167.54 167.64 167.74 167.83 167.92 168.00 168.08 168.16 168.24 168.31 168.37 168.44 168.49 168.55 168.60 168.64 168.66 168.68 168.69 168.69 168.67 168.64 168.59 168.50 168.37 168.21 168.03 167.85 167.69
165.80 165.27 164.63 164.19 164.12 164.35 164.63 164.91 165.22 165.54 165.91 166.29 166.66 167.00 167.30 167.53 167.71 167.86 167.96 168.06 168.13 168.21 168.28 168.35 168.39 168.42 168.41 168.37 168.26 168.11 167.92 167.72 167.54 167.41 167.32 167.26 167.23 167.21 167.21 167.23 167.28 167.35 167.45 167.57 167.69 167.81 167.92 168.01 168.11 168.21 168.30 168.39 168.47 168.54 168.60 168.66 168.72 168.76 168.79 168.81 168.83 168.83 168.83 168.80 168.76 168.69 168.58 168.43 168.28 168.13 167.99
165.14 164.57 164.08 163.94 164.15 164.44 164.73 165.03 165.34 165.67 166.04 166.42 166.79 167.13 167.41 167.63 167.79 167.91 167.99 168.05 168.10 168.16 168.21 168.26 168.29 168.30 168.28 168.23 168.13 167.97 167.79 167.61 167.44 167.31 167.23 167.17 167.14 167.12 167.13 167.16 167.21 167.30 167.42 167.55 167.68 167.82 167.93 168.04 168.16 168.26 168.37 168.46 168.55 168.62 168.70 168.76 168.81 168.86 168.89 168.92 168.94 168.95 168.95 168.94 168.90 168.84 168.75 168.62 168.49 168.35 168.23
164.45 163.97 163.76 163.93 164.22 164.51 164.81 165.12 165.43 165.76 166.13 166.51 166.88 167.22 167.50 167.71 167.85 167.95 168.02 168.06 168.10 168.14 168.18 168.22 168.25 168.25 168.23 168.18 168.09 167.94 167.76 167.59 167.43 167.31 167.23 167.18 167.15 167.14 167.15 167.18 167.24 167.33 167.45 167.58 167.72 167.86 167.98 168.09 168.21 168.32 168.43 168.53 168.62 168.70 168.77 168.83 168.89 168.93 168.97 169.00 169.02 169.04 169.05 169.04 169.01 168.96 168.88 168.77 168.64 168.52 168.40
163.83 163.60 163.72 164.00 164.29 164.58 164.88 165.18 165.49 165.83 166.20 166.58 166.95 167.29 167.57 167.78 167.91 167.99 168.04 168.08 168.10 168.13 168.18 168.21 168.24 168.24 168.23 168.18 168.09 167.96 167.80 167.64 167.50 167.39 167.32 167.27 167.24 167.24 167.25 167.28 167.33 167.42 167.53 167.66 167.79 167.92 168.04 168.15 168.26 168.38 168.49 168.59 168.68 168.75 168.82 168.88 168.93 168.98 169.02 169.05 169.08 169.10 169.12 169.12 169.09 169.05 168.97 168.87 168.76 168.64 168.53
163.45 163.53 163.79 164.08 164.37 164.65 164.94 165.23 165.55 165.88 166.25 166.63 167.01 167.35 167.63 167.83 167.96 168.03 168.07 168.09 168.11 168.14 168.18 168.22 168.25 168.26 168.25 168.22 168.14 168.02 167.89 167.75 167.62 167.52 167.46 167.42 167.40 167.39 167.40 167.43 167.48 167.56 167.66 167.77 167.89 168.01 168.11 168.22 168.33 168.44 168.54 168.64 168.73 168.80 168.86 168.92 168.96 169.01 169.04 169.08 169.11 169.14 169.16 169.16 169.15 169.11 169.04 168.95 168.84 168.73 168.61
163.34 163.59 163.88 164.16 164.43 164.71 164.99 165.27 165.58 165.91 166.28 166.67 167.05 167.39 167.67 167.87 167.99 168.06 168.09 168.10 168.12 168.15 168.19 168.24 168.27 168.29 168.30 168.27 168.21 168.12 168.00 167.88 167.78 167.70 167.65 167.61 167.59 167.59 167.60 167.62 167.66 167.73 167.81 167.91 168.01 168.11 168.21 168.30 168.40 168.51 168.60 168.69 168.77 168.84 168.89 168.94 168.98 169.02 169.05 169.09 169.12 169.16 169.18 169.20 169.19 169.15 169.09 169.00 168.90 168.79 168.67
163.40 163.68 163.96 164.23 164.50 164.76 165.03 165.31 165.60 165.93 166.30 166.69 167.07 167.41 167.69 167.89 168.01 168.07 168.10 168.11 168.13 168.17 168.21 168.27 168.31 168.35 168.36 168.35 168.31 168.23 168.14 168.04 167.95 167.89 167.85 167.82 167.81 167.80 167.81 167.83 167.87 167.92 167.99 168.07 168.15 168.23 168.32 168.40 168.49 168.58 168.66 168.75 168.81 168.87 168.92 168.96 168.99 169.03 169.05 169.09 169.13 169.16 169.19 169.21 169.20 169.17 169.11 169.03 168.93 168.82 168.70
163.49 163.77 164.04 164.30 164.55 164.81 165.06 165.33 165.62 165.94 166.31 166.69 167.07 167.42 167.70 167.89 168.02 168.08 168.11 168.12 168.14 168.19 168.24 168.31 168.36 168.41 168.44 168.45 168.42 168.36 168.29 168.21 168.14 168.08 168.05 168.03 168.02 168.02 168.03 168.05 168.07 168.12 168.17 168.24 168.30 168.37 168.44 168.51 168.58 168.66 168.74 168.80 168.86 168.91 168.95 168.98 169.01 169.03 169.06 169.09 169.13 169.16 169.19 169.21 169.21 169.17 169.12 169.04 168.94 168.83 168.71
163.57 163.84 164.10 164.35 164.60 164.84 165.09 165.35 165.63 165.94 166.30 166.68 167.06 167.40 167.68 167.88 168.00 168.07 168.11 168.13 168.15 168.21 168.28 168.35 168.42 168.49 168.53 168.55 168.54 168.50 168.44 168.37 168.31 168.27 168.24 168.23 168.22 168.22 168.23 168.25 168.27 168.31 168.36 168.41 168.47 168.53 168.58 168.64 168.70 168.75 168.81 168.86 168.91 168.95 168.97 169.00 169.02 169.04 169.06 169.09 169.12 169.15 169.18 169.20 169.19 169.16 169.10 169.03 168.94 168.83 168.71
163.65 163.91 164.16 164.39 164.63 164.86 165.09 165.35 165.62 165.92 166.28 166.65 167.02 167.35 167.63 167.84 167.97 168.04 168.09 168.13 168.17 168.24 168.32 168.42 168.51 168.59 168.65 168.69 168.69 168.66 168.61 168.55 168.50 168.46 168.44 168.43 168.43 168.43 168.44 168.46 168.49 168.52 168.56 168.61 168.66 168.71 168.75 168.79 168.83 168.87 168.90 168.93 168.96 168.99 169.01 169.03 169.05 169.06 169.08 169.09 169.12 169.14 169.16 169.17 169.16 169.12 169.07 168.99 168.91 168.80 168.68
