source/QGIS/gtt_export/gtt_heightmap.asc
ncols         512
nrows         512
xllcorner     200000.000000
yllcorner     0.000000
cellsize      4.000000
NODATA_value  -9999
[rows 96 to 127 of 512, columns 426 to 496 of 512]
164.20 164.35 164.82 166.05 167.77 169.77 172.10 174.66 177.16 179.39 181.40 183.32 185.10 186.62 187.84 188.74 189.33 189.64 189.56 189.20 188.60 187.71 186.50 185.03 183.28 181.21 179.14 177.06 175.24 173.87 172.77 171.76 170.90 170.27 169.64 169.04 168.63 168.43 168.38 168.36 168.34 168.30 168.25 168.16 168.03 167.79 167.42 166.94 166.36 165.75 165.42 165.37 165.52 165.69 165.84 165.99 166.13 166.26 166.40 166.53 166.68 166.83 166.97 167.08 167.15 167.17 167.13 167.03 166.91 166.79 166.69
164.27 164.38 164.71 165.67 167.19 169.05 171.22 173.67 176.12 178.38 180.39 182.23 183.97 185.53 186.81 187.81 188.50 188.87 188.99 188.78 188.31 187.58 186.55 185.20 183.43 181.50 179.37 177.23 175.36 173.97 172.86 171.85 171.00 170.40 169.81 169.23 168.77 168.52 168.44 168.42 168.39 168.35 168.29 168.20 168.06 167.83 167.50 167.08 166.53 165.92 165.50 165.33 165.43 165.60 165.77 165.93 166.07 166.22 166.36 166.50 166.65 166.79 166.93 167.03 167.10 167.11 167.06 166.95 166.83 166.69 166.58
164.32 164.40 164.66 165.42 166.77 168.51 170.56 172.90 175.28 177.48 179.42 181.17 182.84 184.38 185.74 186.84 187.67 188.21 188.43 188.41 188.08 187.50 186.58 185.24 183.68 181.71 179.52 177.33 175.42 174.06 172.94 171.93 171.11 170.51 169.96 169.40 168.91 168.61 168.50 168.47 168.44 168.39 168.33 168.23 168.08 167.86 167.56 167.15 166.64 166.03 165.56 165.29 165.33 165.50 165.68 165.85 166.01 166.17 166.32 166.46 166.61 166.75 166.88 166.98 167.03 167.04 166.98 166.86 166.72 166.58 166.45
164.36 164.42 164.61 165.31 166.50 168.13 170.08 172.31 174.60 176.73 178.62 180.30 181.88 183.41 184.83 186.06 187.03 187.71 188.09 188.16 187.97 187.35 186.52 185.33 183.75 181.80 179.58 177.37 175.48 174.11 173.00 172.03 171.21 170.62 170.11 169.57 169.05 168.70 168.55 168.51 168.48 168.43 168.35 168.25 168.09 167.88 167.59 167.18 166.65 166.10 165.58 165.24 165.24 165.39 165.58 165.77 165.95 166.11 166.26 166.41 166.55 166.69 166.81 166.90 166.95 166.95 166.88 166.76 166.61 166.45 166.32
164.38 164.43 164.64 165.22 166.34 167.91 169.77 171.84 174.02 176.10 177.94 179.62 181.17 182.68 184.12 185.40 186.46 187.23 187.72 187.90 187.79 187.36 186.55 185.33 183.72 181.77 179.57 177.38 175.49 174.15 173.08 172.10 171.33 170.74 170.26 169.74 169.18 168.79 168.60 168.55 168.51 168.46 168.38 168.26 168.10 167.89 167.58 167.17 166.66 166.11 165.58 165.19 165.15 165.29 165.49 165.68 165.87 166.04 166.20 166.34 166.48 166.61 166.72 166.80 166.84 166.83 166.76 166.63 166.48 166.32 166.18
164.41 164.52 164.64 165.14 166.23 167.77 169.55 171.49 173.56 175.64 177.46 179.09 180.65 182.20 183.68 185.02 186.14 186.97 187.52 187.77 187.69 187.29 186.48 185.25 183.63 181.68 179.49 177.35 175.50 174.18 173.15 172.24 171.48 170.88 170.42 169.90 169.33 168.88 168.65 168.58 168.54 168.49 168.40 168.27 168.10 167.87 167.55 167.12 166.63 166.08 165.54 165.13 165.07 165.20 165.40 165.59 165.78 165.96 166.11 166.25 166.38 166.50 166.60 166.67 166.71 166.69 166.61 166.49 166.33 166.17 166.03
164.50 164.56 164.66 165.08 166.13 167.62 169.36 171.22 173.29 175.24 177.04 178.67 180.20 181.76 183.32 184.71 185.87 186.75 187.32 187.58 187.51 187.09 186.30 185.09 183.47 181.56 179.41 177.33 175.54 174.22 173.18 172.37 171.65 171.05 170.58 170.05 169.46 168.97 168.70 168.61 168.57 168.51 168.41 168.28 168.11 167.84 167.49 167.04 166.56 166.01 165.48 165.08 165.01 165.12 165.32 165.51 165.69 165.86 166.00 166.13 166.25 166.36 166.45 166.51 166.54 166.52 166.44 166.32 166.17 166.02 165.89
164.54 164.60 164.68 165.05 166.02 167.47 169.15 171.10 173.01 174.89 176.70 178.31 179.87 181.44 182.99 184.41 185.61 186.51 187.09 187.33 187.25 186.82 186.04 184.85 183.29 181.40 179.33 177.32 175.59 174.24 173.28 172.50 171.84 171.23 170.71 170.21 169.58 169.06 168.75 168.64 168.59 168.52 168.42 168.28 168.09 167.79 167.41 166.93 166.45 165.91 165.41 165.04 164.98 165.08 165.26 165.43 165.59 165.73 165.86 165.97 166.08 166.17 166.24 166.29 166.31 166.29 166.22 166.11 165.98 165.85 165.73
164.57 164.64 164.71 165.03 165.93 167.29 169.07 170.88 172.73 174.61 176.37 178.04 179.56 181.13 182.69 184.12 185.31 186.23 186.81 187.06 186.97 186.53 185.74 184.58 183.07 181.27 179.32 177.40 175.62 174.33 173.37 172.67 172.02 171.42 170.87 170.33 169.68 169.13 168.80 168.67 168.62 168.54 168.43 168.28 168.06 167.73 167.28 166.78 166.30 165.78 165.22 165.01 164.96 165.06 165.21 165.35 165.48 165.59 165.69 165.77 165.85 165.92 165.98 166.01 166.02 166.00 165.95 165.86 165.75 165.65 165.55
164.60 164.67 164.74 165.02 165.86 167.29 168.88 170.64 172.48 174.30 176.16 177.76 179.24 180.83 182.39 183.81 185.04 186.00 186.61 186.86 186.76 186.32 185.53 184.38 182.92 181.23 179.38 177.48 175.78 174.43 173.55 172.85 172.20 171.59 171.01 170.42 169.75 169.19 168.83 168.70 168.64 168.55 168.42 168.26 168.00 167.61 167.11 166.58 166.10 165.62 165.14 164.97 164.95 165.05 165.17 165.27 165.35 165.43 165.49 165.56 165.61 165.65 165.68 165.70 165.71 165.69 165.65 165.59 165.51 165.44 165.37
164.62 164.70 164.76 165.02 165.93 167.18 168.71 170.39 172.21 174.14 175.89 177.51 179.01 180.57 182.16 183.68 184.96 185.93 186.55 186.82 186.75 186.34 185.59 184.49 183.09 181.42 179.56 177.70 175.94 174.57 173.73 173.05 172.39 171.74 171.10 170.47 169.77 169.23 168.86 168.73 168.67 168.57 168.41 168.21 167.90 167.44 166.85 166.32 165.86 165.29 165.04 164.92 164.94 165.04 165.12 165.18 165.23 165.26 165.30 165.33 165.36 165.38 165.39 165.40 165.40 165.39 165.36 165.33 165.28 165.24 165.20
164.64 164.71 164.78 165.01 165.88 167.09 168.60 170.26 172.06 173.94 175.74 177.33 178.86 180.49 182.15 183.71 185.05 186.06 186.73 187.04 187.00 186.63 185.92 184.88 183.49 181.86 180.00 178.02 176.23 174.81 173.92 173.26 172.52 171.86 171.16 170.44 169.81 169.24 168.87 168.74 168.68 168.57 168.40 168.13 167.74 167.19 166.51 166.00 165.39 165.09 164.91 164.86 164.91 165.00 165.06 165.09 165.10 165.11 165.11 165.13 165.14 165.14 165.14 165.14 165.13 165.13 165.12 165.10 165.09 165.07 165.06
164.65 164.73 164.79 165.14 165.83 167.01 168.51 170.17 171.97 173.84 175.65 177.29 178.87 180.51 182.28 183.87 185.23 186.29 187.02 187.39 187.42 187.12 186.49 185.50 184.16 182.43 180.53 178.51 176.60 175.08 174.17 173.49 172.70 171.94 171.18 170.45 169.81 169.23 168.87 168.75 168.69 168.56 168.35 168.00 167.49 166.81 166.07 165.39 165.08 164.85 164.74 164.76 164.86 164.94 164.98 164.99 164.98 164.96 164.95 164.95 164.96 164.95 164.95 164.94 164.94 164.94 164.94 164.95 164.95 164.95 164.95
164.65 164.73 164.80 165.14 165.80 166.96 168.48 170.17 171.96 173.82 175.62 177.36 179.01 180.74 182.49 184.13 185.55 186.66 187.44 187.87 187.97 187.75 187.18 186.25 184.92 183.21 181.21 179.06 177.04 175.46 174.41 173.61 172.85 171.99 171.15 170.43 169.77 169.22 168.87 168.75 168.68 168.53 168.26 167.79 167.09 166.29 165.54 164.97 164.71 164.56 164.54 164.62 164.74 164.82 164.85 164.85 164.84 164.82 164.81 164.82 164.83 164.83 164.83 164.84 164.85 164.85 164.86 164.87 164.87 164.88 164.89
164.65 164.73 164.92 165.17 165.82 166.98 168.50 170.20 171.97 173.78 175.65 177.47 179.23 181.06 182.88 184.61 186.10 187.28 188.11 188.61 188.75 188.57 188.02 187.09 185.75 184.02 181.96 179.73 177.61 175.89 174.60 173.75 172.93 172.00 171.09 170.36 169.71 169.18 168.86 168.74 168.65 168.45 168.10 167.47 166.55 165.64 164.92 164.48 164.31 164.25 164.30 164.44 164.56 164.64 164.67 164.68 164.68 164.67 164.68 164.70 164.72 164.75 164.77 164.80 164.82 164.84 164.85 164.85 164.85 164.86 164.86
164.66 164.82 164.99 165.26 165.88 167.03 168.53 170.17 171.89 173.73 175.70 177.65 179.52 181.43 183.33 185.11 186.63 187.85 188.73 189.26 189.45 189.29 188.78 187.86 186.53 184.80 182.73 180.47 178.26 176.29 174.94 173.86 172.89 171.89 171.03 170.27 169.62 169.15 168.85 168.72 168.59 168.33 167.84 167.01 165.86 164.89 164.26 164.00 163.93 163.96 164.09 164.23 164.35 164.43 164.47 164.50 164.51 164.52 164.55 164.59 164.64 164.70 164.75 164.80 164.85 164.87 164.88 164.88 164.87 164.87 164.86
164.69 164.90 165.11 165.39 165.97 167.05 168.51 170.07 171.77 173.71 175.78 177.82 179.80 181.80 183.77 185.57 187.12 188.35 189.24 189.79 190.00 189.87 189.40 188.54 187.24 185.54 183.50 181.25 178.89 176.90 175.30 173.95 172.82 171.80 170.94 170.16 169.56 169.10 168.83 168.68 168.50 168.15 167.48 166.41 165.10 164.10 163.66 163.59 163.62 163.74 163.89 164.02 164.14 164.22 164.28 164.32 164.36 164.39 164.44 164.50 164.58 164.67 164.76 164.84 164.90 164.93 164.94 164.94 164.92 164.90 164.88
164.78 165.02 165.26 165.52 166.04 167.04 168.40 169.91 171.68 173.72 175.87 177.98 180.06 182.15 184.17 186.02 187.59 188.84 189.71 190.25 190.46 190.34 189.89 189.07 187.84 186.21 184.23 181.92 179.65 177.50 175.61 174.10 172.73 171.70 170.84 170.10 169.50 169.05 168.79 168.63 168.39 167.90 167.05 165.77 164.36 163.46 163.28 163.32 163.44 163.58 163.72 163.85 163.96 164.05 164.12 164.18 164.23 164.29 164.36 164.44 164.55 164.66 164.77 164.88 164.95 165.00 165.01 165.00 164.97 164.94 164.91
164.89 165.15 165.39 165.62 166.07 167.00 168.25 169.75 171.60 173.73 175.98 178.19 180.35 182.48 184.58 186.45 188.03 189.26 190.14 190.65 190.83 190.70 190.27 189.48 188.34 186.68 184.81 182.66 180.35 178.07 176.00 174.25 172.80 171.61 170.73 170.01 169.43 168.99 168.74 168.57 168.26 167.64 166.61 165.21 163.81 163.09 163.09 163.22 163.35 163.49 163.62 163.74 163.85 163.95 164.02 164.09 164.16 164.23 164.31 164.41 164.53 164.66 164.79 164.90 164.99 165.05 165.06 165.05 165.02 164.99 164.96
164.99 165.25 165.49 165.69 166.08 166.91 168.11 169.61 171.48 173.77 176.10 178.40 180.67 182.90 184.99 186.85 188.39 189.58 190.43 190.94 191.10 190.96 190.55 189.81 188.72 187.26 185.44 183.32 181.00 178.62 176.31 174.56 172.93 171.57 170.63 169.92 169.35 168.93 168.70 168.51 168.15 167.42 166.25 164.77 163.45 162.99 163.08 163.21 163.34 163.48 163.61 163.73 163.84 163.94 164.02 164.09 164.16 164.23 164.31 164.41 164.53 164.66 164.79 164.91 165.00 165.05 165.08 165.08 165.06 165.04 165.02
165.07 165.33 165.55 165.73 166.06 166.82 168.02 169.54 171.50 173.85 176.26 178.63 181.00 183.30 185.43 187.28 188.82 190.01 190.84 191.33 191.48 191.34 190.93 190.22 189.18 187.80 186.03 183.93 181.58 179.06 176.78 174.86 173.10 171.60 170.55 169.82 169.26 168.88 168.64 168.46 168.05 167.20 165.92 164.44 163.28 163.03 163.15 163.27 163.41 163.55 163.69 163.82 163.93 164.03 164.11 164.17 164.24 164.30 164.38 164.47 164.58 164.69 164.81 164.91 164.99 165.05 165.09 165.10 165.10 165.10 165.10
165.14 165.37 165.58 165.74 166.10 166.79 167.94 169.54 171.57 173.91 176.43 178.92 181.38 183.75 185.88 187.71 189.19 190.34 191.15 191.61 191.76 191.61 191.22 190.54 189.55 188.24 186.54 184.47 182.03 179.59 177.21 175.17 173.28 171.67 170.49 169.73 169.19 168.81 168.60 168.40 167.92 166.98 165.57 164.12 163.19 163.11 163.24 163.39 163.54 163.69 163.84 163.97 164.09 164.18 164.25 164.32 164.37 164.43 164.49 164.57 164.65 164.74 164.83 164.91 164.98 165.04 165.09 165.12 165.15 165.18 165.20
165.20 165.41 165.59 165.86 166.10 166.75 167.93 169.60 171.67 174.08 176.57 179.25 181.83 184.22 186.33 188.13 189.54 190.60 191.35 191.79 191.93 191.81 191.43 190.79 189.84 188.59 186.85 184.85 182.56 180.08 177.63 175.47 173.48 171.73 170.47 169.66 169.10 168.74 168.55 168.31 167.73 166.66 165.16 163.82 163.16 163.21 163.36 163.52 163.68 163.85 164.01 164.15 164.27 164.36 164.43 164.48 164.53 164.57 164.62 164.68 164.74 164.79 164.85 164.91 164.97 165.03 165.09 165.15 165.20 165.26 165.30
165.24 165.43 165.74 165.89 166.13 166.77 167.97 169.66 171.79 174.24 176.85 179.53 182.30 184.75 186.86 188.57 189.87 190.82 191.46 191.83 191.95 191.82 191.46 190.86 189.97 188.78 187.17 185.22 182.96 180.50 178.02 175.77 173.65 171.80 170.45 169.60 168.99 168.68 168.49 168.19 167.50 166.25 164.72 163.54 163.18 163.31 163.47 163.64 163.82 164.00 164.17 164.33 164.45 164.54 164.60 164.65 164.68 164.71 164.74 164.78 164.82 164.85 164.88 164.91 164.96 165.01 165.09 165.17 165.26 165.34 165.41
165.28 165.63 165.79 165.94 166.16 166.85 168.06 169.75 171.90 174.44 177.17 179.98 182.71 185.29 187.38 189.04 190.26 191.11 191.66 191.96 192.04 191.89 191.53 190.93 190.05 188.88 187.31 185.41 183.22 180.82 178.34 176.06 173.80 171.84 170.42 169.49 168.93 168.61 168.41 168.03 167.16 165.77 164.22 163.30 163.20 163.37 163.54 163.73 163.92 164.11 164.30 164.46 164.59 164.68 164.74 164.77 164.80 164.82 164.84 164.86 164.88 164.89 164.90 164.92 164.95 165.01 165.09 165.19 165.30 165.41 165.50
165.49 165.68 165.84 165.98 166.23 166.98 168.25 169.91 172.05 174.64 177.48 180.40 183.22 185.71 187.86 189.44 190.57 191.32 191.79 192.02 192.05 191.86 191.46 190.83 189.96 188.83 187.32 185.48 183.35 181.02 178.60 176.27 173.92 171.86 170.38 169.44 168.85 168.53 168.29 167.78 166.74 165.18 163.72 163.13 163.19 163.37 163.56 163.75 163.96 164.16 164.35 164.52 164.65 164.74 164.81 164.84 164.86 164.87 164.88 164.90 164.91 164.91 164.91 164.92 164.95 165.01 165.10 165.22 165.35 165.47 165.58
165.54 165.73 165.89 166.04 166.35 167.17 168.51 170.18 172.29 174.89 177.77 180.76 183.63 186.15 188.17 189.68 190.81 191.46 191.83 191.98 191.95 191.73 191.29 190.64 189.77 188.66 187.20 185.41 183.36 181.10 178.70 176.35 173.97 171.86 170.31 169.36 168.76 168.43 168.13 167.44 166.17 164.50 163.26 162.98 163.13 163.33 163.52 163.73 163.94 164.15 164.35 164.53 164.66 164.76 164.82 164.85 164.87 164.88 164.89 164.91 164.92 164.92 164.92 164.93 164.96 165.02 165.12 165.25 165.39 165.52 165.64
165.58 165.77 165.94 166.11 166.52 167.45 168.93 170.66 172.75 175.32 178.19 181.19 184.05 186.55 188.55 190.01 190.97 191.46 191.73 191.79 191.70 191.44 191.00 190.36 189.50 188.39 186.96 185.23 183.21 180.98 178.64 176.30 173.95 171.82 170.23 169.25 168.66 168.31 167.87 166.96 165.48 163.83 162.88 162.83 163.04 163.25 163.45 163.66 163.88 164.10 164.31 164.50 164.64 164.74 164.80 164.83 164.85 164.86 164.88 164.90 164.91 164.92 164.92 164.94 164.98 165.05 165.15 165.29 165.44 165.58 165.70
165.61 165.80 165.99 166.21 166.82 167.94 169.51 171.27 173.28 175.76 178.53 181.51 184.30 186.74 188.72 190.16 191.08 191.59 191.79 191.74 191.61 191.32 190.84 190.17 189.26 188.09 186.63 184.89 182.89 180.70 178.48 176.13 173.82 171.77 170.12 169.13 168.54 168.12 167.51 166.35 164.71 163.21 162.57 162.72 162.93 163.15 163.36 163.57 163.80 164.04 164.25 164.44 164.59 164.69 164.76 164.79 164.81 164.83 164.85 164.87 164.89 164.91 164.92 164.95 165.00 165.07 165.19 165.33 165.48 165.63 165.75
165.62 165.84 166.05 166.44 167.31 168.64 170.31 172.06 173.95 176.24 178.88 181.71 184.43 186.83 188.76 190.17 191.08 191.57 191.75 191.72 191.48 191.15 190.62 189.89 188.92 187.69 186.17 184.40 182.42 180.25 178.07 175.79 173.66 171.65 170.00 168.97 168.39 167.88 167.03 165.62 163.94 162.64 162.39 162.60 162.82 163.04 163.26 163.48 163.71 163.95 164.17 164.37 164.53 164.63 164.70 164.74 164.76 164.77 164.80 164.84 164.86 164.89 164.91 164.95 165.01 165.09 165.21 165.36 165.51 165.66 165.79
165.64 165.90 166.24 166.89 168.03 169.52 171.19 172.88 174.62 176.67 179.09 181.78 184.39 186.76 188.61 190.01 190.93 191.43 191.61 191.56 191.34 190.91 190.32 189.52 188.48 187.19 185.62 183.82 181.80 179.72 177.50 175.44 173.41 171.47 169.86 168.82 168.19 167.53 166.42 164.81 163.16 162.23 162.28 162.49 162.72 162.95 163.17 163.39 163.63 163.87 164.10 164.29 164.45 164.56 164.63 164.67 164.69 164.71 164.74 164.79 164.82 164.86 164.90 164.95 165.01 165.10 165.22 165.37 165.53 165.68 165.80
165.82 166.17 166.68 167.60 168.91 170.48 172.09 173.64 175.23 177.03 179.19 181.67 184.17 186.40 188.30 189.65 190.60 191.14 191.36 191.31 191.07 190.63 189.96 189.09 187.97 186.59 184.94 183.07 181.10 178.95 176.92 175.02 173.08 171.22 169.67 168.64 167.94 167.07 165.67 163.92 162.50 162.03 162.19 162.42 162.65 162.88 163.10 163.32 163.56 163.80 164.02 164.22 164.38 164.49 164.56 164.60 164.62 164.65 164.68 164.73 164.77 164.82 164.86 164.92 164.99 165.09 165.22 165.36 165.52 165.67 165.80
