source/QGIS/gtt_export/gtt_heightmap.asc
ncols         512
nrows         512
xllcorner     200000.000000
yllcorner     0.000000
cellsize      4.000000
NODATA_value  -9999
[rows 384 to 415 of 512, columns 0 to 70 of 512]
154.08 153.99 153.98 154.04 154.16 154.31 154.48 154.66 154.84 155.04 155.25 155.47 155.70 155.91 156.11 156.28 156.44 156.58 156.72 156.85 156.98 157.10 157.24 157.37 157.49 157.59 157.66 157.68 157.66 157.60 157.51 157.41 157.29 157.15 157.00 156.82 156.62 156.42 156.24 156.07 155.93 155.81 155.69 155.59 155.51 155.46 155.43 155.43 155.45 155.49 155.56 155.65 155.77 155.95 156.17 156.41 156.65 156.85 157.00 157.07 157.10 157.10 157.08 157.06 157.04 157.05 157.07 157.09 157.10 157.10 157.07
154.07 153.97 153.95 154.00 154.09 154.22 154.37 154.54 154.71 154.90 155.12 155.35 155.59 155.82 156.02 156.19 156.35 156.50 156.64 156.77 156.90 157.02 157.16 157.29 157.41 157.51 157.58 157.60 157.59 157.55 157.48 157.39 157.28 157.16 157.01 156.83 156.64 156.44 156.25 156.09 155.95 155.83 155.71 155.62 155.54 155.48 155.45 155.44 155.44 155.47 155.52 155.60 155.71 155.88 156.10 156.34 156.58 156.78 156.92 156.99 157.02 157.02 156.99 156.96 156.94 156.94 156.95 156.96 156.96 156.95 156.91
154.07 153.97 153.94 153.96 154.03 154.14 154.26 154.41 154.57 154.75 154.97 155.21 155.45 155.68 155.89 156.06 156.23 156.38 156.52 156.65 156.78 156.91 157.04 157.17 157.29 157.39 157.46 157.49 157.50 157.47 157.43 157.36 157.27 157.17 157.03 156.86 156.66 156.47 156.28 156.12 155.99 155.86 155.75 155.66 155.58 155.52 155.48 155.45 155.44 155.45 155.48 155.54 155.64 155.80 156.01 156.25 156.48 156.67 156.81 156.89 156.91 156.91 156.89 156.86 156.84 156.82 156.82 156.81 156.79 156.75 156.70
154.07 153.97 153.93 153.94 153.98 154.06 154.16 154.29 154.43 154.61 154.82 155.06 155.30 155.53 155.73 155.91 156.08 156.23 156.37 156.51 156.64 156.77 156.90 157.02 157.14 157.24 157.32 157.37 157.39 157.39 157.37 157.33 157.26 157.17 157.05 156.88 156.69 156.50 156.31 156.15 156.02 155.90 155.80 155.70 155.62 155.56 155.51 155.46 155.43 155.42 155.43 155.47 155.55 155.70 155.90 156.13 156.35 156.55 156.68 156.76 156.79 156.79 156.78 156.75 156.72 156.70 156.67 156.64 156.60 156.54 156.46
154.08 153.98 153.93 153.92 153.94 154.00 154.08 154.18 154.31 154.47 154.68 154.91 155.14 155.37 155.57 155.75 155.92 156.07 156.22 156.36 156.49 156.62 156.75 156.87 156.99 157.09 157.17 157.23 157.27 157.29 157.30 157.28 157.24 157.17 157.06 156.90 156.71 156.52 156.34 156.18 156.05 155.94 155.84 155.74 155.67 155.60 155.54 155.47 155.42 155.38 155.36 155.38 155.45 155.59 155.78 156.00 156.21 156.40 156.54 156.61 156.65 156.66 156.65 156.63 156.60 156.57 156.52 156.47 156.40 156.31 156.21
154.09 153.99 153.93 153.91 153.91 153.94 154.00 154.09 154.20 154.36 154.55 154.77 155.00 155.23 155.42 155.60 155.76 155.92 156.07 156.21 156.35 156.48 156.60 156.73 156.84 156.94 157.02 157.09 157.15 157.19 157.22 157.23 157.21 157.16 157.05 156.90 156.72 156.53 156.35 156.19 156.07 155.96 155.86 155.77 155.69 155.62 155.54 155.47 155.39 155.33 155.29 155.29 155.34 155.47 155.65 155.86 156.07 156.26 156.39 156.46 156.51 156.53 156.53 156.51 156.48 156.43 156.37 156.30 156.21 156.10 155.98
154.10 153.99 153.92 153.89 153.88 153.90 153.94 154.02 154.12 154.26 154.45 154.66 154.89 155.10 155.30 155.47 155.64 155.80 155.95 156.09 156.23 156.36 156.48 156.60 156.71 156.80 156.89 156.96 157.03 157.09 157.14 157.17 157.17 157.12 157.03 156.88 156.70 156.51 156.33 156.18 156.06 155.95 155.85 155.76 155.68 155.61 155.53 155.44 155.34 155.26 155.21 155.19 155.23 155.35 155.52 155.72 155.93 156.11 156.24 156.32 156.37 156.39 156.39 156.38 156.35 156.30 156.23 156.14 156.04 155.92 155.79
154.09 153.97 153.91 153.87 153.85 153.87 153.90 153.97 154.06 154.20 154.38 154.58 154.79 155.00 155.19 155.36 155.53 155.69 155.85 156.00 156.13 156.26 156.38 156.49 156.60 156.69 156.77 156.85 156.92 157.00 157.06 157.10 157.11 157.07 156.97 156.83 156.65 156.47 156.29 156.13 156.01 155.91 155.81 155.72 155.64 155.56 155.48 155.38 155.27 155.18 155.11 155.08 155.11 155.22 155.39 155.59 155.79 155.97 156.10 156.17 156.22 156.25 156.25 156.24 156.21 156.16 156.09 156.00 155.89 155.77 155.64
154.06 153.95 153.88 153.84 153.82 153.84 153.87 153.94 154.02 154.15 154.32 154.51 154.71 154.91 155.09 155.26 155.43 155.60 155.76 155.91 156.05 156.17 156.29 156.40 156.49 156.58 156.66 156.74 156.82 156.90 156.97 157.01 157.03 156.99 156.90 156.76 156.58 156.39 156.21 156.06 155.93 155.83 155.74 155.65 155.57 155.49 155.40 155.29 155.17 155.07 154.99 154.95 154.98 155.08 155.24 155.44 155.64 155.82 155.94 156.02 156.07 156.10 156.10 156.08 156.05 156.01 155.95 155.86 155.76 155.65 155.51
154.04 153.92 153.85 153.81 153.80 153.82 153.86 153.92 154.01 154.12 154.28 154.45 154.64 154.82 155.00 155.16 155.33 155.51 155.67 155.83 155.97 156.10 156.21 156.31 156.40 156.48 156.56 156.63 156.71 156.79 156.87 156.92 156.93 156.90 156.81 156.66 156.49 156.29 156.11 155.96 155.83 155.73 155.64 155.55 155.47 155.39 155.29 155.18 155.06 154.94 154.85 154.81 154.83 154.93 155.09 155.28 155.49 155.66 155.78 155.86 155.90 155.93 155.94 155.93 155.90 155.86 155.80 155.73 155.64 155.53 155.41
154.01 153.89 153.82 153.78 153.78 153.81 153.86 153.92 154.01 154.12 154.26 154.41 154.58 154.75 154.92 155.08 155.26 155.43 155.60 155.76 155.91 156.03 156.14 156.23 156.31 156.39 156.46 156.53 156.61 156.69 156.76 156.81 156.83 156.80 156.70 156.56 156.38 156.19 156.00 155.85 155.72 155.62 155.53 155.44 155.36 155.28 155.18 155.06 154.93 154.81 154.72 154.67 154.68 154.78 154.94 155.13 155.33 155.50 155.63 155.70 155.74 155.77 155.77 155.76 155.74 155.71 155.66 155.60 155.53 155.43 155.32
153.99 153.87 153.80 153.77 153.78 153.82 153.88 153.95 154.03 154.13 154.26 154.40 154.56 154.71 154.87 155.03 155.20 155.38 155.55 155.72 155.86 155.98 156.08 156.17 156.24 156.30 156.36 156.43 156.50 156.58 156.65 156.70 156.72 156.68 156.59 156.44 156.27 156.07 155.89 155.73 155.61 155.51 155.42 155.33 155.25 155.16 155.06 154.94 154.81 154.68 154.58 154.53 154.54 154.64 154.79 154.98 155.18 155.35 155.47 155.54 155.59 155.61 155.62 155.61 155.59 155.56 155.53 155.48 155.42 155.35 155.25
153.99 153.87 153.81 153.79 153.81 153.86 153.92 154.00 154.08 154.18 154.30 154.42 154.56 154.71 154.85 155.01 155.18 155.36 155.53 155.69 155.84 155.95 156.04 156.11 156.17 156.22 156.28 156.33 156.40 156.47 156.54 156.59 156.60 156.56 156.47 156.33 156.15 155.96 155.78 155.63 155.51 155.40 155.31 155.23 155.14 155.06 154.96 154.83 154.69 154.56 154.46 154.40 154.41 154.51 154.66 154.85 155.05 155.22 155.34 155.41 155.45 155.47 155.48 155.47 155.45 155.43 155.41 155.38 155.33 155.27 155.18
154.01 153.90 153.84 153.83 153.86 153.92 153.99 154.08 154.17 154.26 154.37 154.49 154.61 154.74 154.88 155.03 155.19 155.37 155.54 155.70 155.84 155.94 156.02 156.08 156.12 156.16 156.19 156.24 156.30 156.36 156.42 156.47 156.48 156.44 156.35 156.21 156.04 155.86 155.69 155.53 155.42 155.32 155.23 155.14 155.06 154.97 154.87 154.74 154.60 154.46 154.36 154.30 154.31 154.40 154.55 154.74 154.94 155.11 155.23 155.30 155.34 155.36 155.36 155.35 155.34 155.33 155.31 155.29 155.25 155.20 155.12
154.04 153.93 153.88 153.88 153.93 154.00 154.09 154.19 154.28 154.37 154.47 154.58 154.70 154.82 154.94 155.09 155.25 155.42 155.59 155.74 155.87 155.96 156.02 156.06 156.08 156.10 156.12 156.15 156.20 156.25 156.30 156.33 156.34 156.30 156.21 156.08 155.92 155.75 155.59 155.44 155.33 155.23 155.14 155.05 154.97 154.88 154.78 154.65 154.50 154.37 154.26 154.20 154.21 154.30 154.45 154.64 154.84 155.01 155.13 155.20 155.24 155.25 155.25 155.25 155.24 155.23 155.22 155.21 155.18 155.14 155.07
154.07 153.97 153.93 153.95 154.01 154.11 154.22 154.33 154.43 154.52 154.61 154.71 154.82 154.93 155.04 155.18 155.33 155.50 155.66 155.80 155.92 156.00 156.04 156.06 156.06 156.06 156.06 156.07 156.10 156.14 156.18 156.20 156.19 156.15 156.07 155.94 155.79 155.64 155.49 155.35 155.24 155.14 155.05 154.97 154.88 154.79 154.69 154.56 154.41 154.28 154.17 154.11 154.12 154.21 154.36 154.55 154.75 154.93 155.05 155.11 155.15 155.16 155.16 155.15 155.14 155.14 155.14 155.14 155.12 155.09 155.03
154.13 154.03 154.00 154.04 154.12 154.23 154.36 154.49 154.59 154.68 154.78 154.87 154.96 155.06 155.17 155.30 155.45 155.60 155.75 155.89 155.99 156.05 156.07 156.07 156.04 156.02 156.00 155.99 156.00 156.02 156.04 156.05 156.04 156.00 155.91 155.80 155.67 155.53 155.39 155.26 155.16 155.06 154.97 154.89 154.80 154.71 154.60 154.47 154.33 154.20 154.09 154.03 154.04 154.13 154.29 154.48 154.68 154.85 154.97 155.04 155.07 155.08 155.08 155.07 155.06 155.06 155.07 155.08 155.07 155.05 155.01
154.20 154.11 154.10 154.15 154.25 154.39 154.53 154.66 154.78 154.87 154.96 155.05 155.13 155.23 155.32 155.44 155.58 155.72 155.86 155.98 156.07 156.11 156.11 156.08 156.03 155.98 155.94 155.92 155.91 155.91 155.92 155.91 155.89 155.84 155.76 155.66 155.54 155.42 155.30 155.18 155.08 154.99 154.90 154.81 154.72 154.63 154.53 154.40 154.26 154.12 154.02 153.96 153.97 154.06 154.22 154.41 154.61 154.79 154.91 154.98 155.01 155.02 155.01 155.00 155.00 155.00 155.02 155.03 155.04 155.03 154.99
154.30 154.23 154.23 154.29 154.41 154.56 154.71 154.86 154.97 155.07 155.15 155.24 155.32 155.40 155.50 155.60 155.73 155.85 155.98 156.08 156.15 156.17 156.15 156.10 156.03 155.95 155.89 155.84 155.82 155.80 155.79 155.77 155.74 155.69 155.62 155.53 155.43 155.32 155.21 155.11 155.02 154.93 154.84 154.75 154.66 154.57 154.46 154.34 154.20 154.07 153.96 153.90 153.91 154.01 154.17 154.37 154.57 154.74 154.86 154.93 154.96 154.97 154.96 154.95 154.95 154.96 154.98 155.00 155.01 155.01 154.98
154.44 154.38 154.40 154.48 154.60 154.76 154.92 155.06 155.18 155.28 155.36 155.44 155.52 155.60 155.68 155.77 155.88 156.00 156.10 156.18 156.23 156.23 156.19 156.11 156.01 155.92 155.83 155.77 155.73 155.70 155.67 155.65 155.61 155.56 155.49 155.41 155.33 155.24 155.15 155.06 154.97 154.88 154.79 154.70 154.61 154.52 154.42 154.30 154.16 154.03 153.92 153.87 153.88 153.97 154.14 154.33 154.53 154.71 154.83 154.89 154.93 154.93 154.93 154.92 154.92 154.93 154.96 154.98 155.01 155.01 154.98
154.63 154.60 154.64 154.72 154.85 155.01 155.16 155.31 155.42 155.52 155.61 155.69 155.76 155.84 155.91 155.99 156.08 156.17 156.25 156.31 156.33 156.31 156.24 156.13 156.01 155.88 155.77 155.69 155.64 155.59 155.55 155.52 155.48 155.43 155.37 155.31 155.24 155.18 155.10 155.03 154.95 154.87 154.78 154.69 154.60 154.50 154.40 154.28 154.14 154.01 153.91 153.85 153.87 153.96 154.12 154.32 154.52 154.70 154.82 154.88 154.92 154.92 154.92 154.91 154.91 154.92 154.95 154.98 155.01 155.02 154.99
154.86 154.87 154.93 155.03 155.15 155.30 155.45 155.59 155.70 155.80 155.89 155.98 156.05 156.12 156.18 156.25 156.31 156.38 156.43 156.46 156.45 156.40 156.29 156.16 156.00 155.85 155.71 155.61 155.54 155.48 155.43 155.39 155.34 155.30 155.25 155.21 155.17 155.13 155.08 155.02 154.95 154.87 154.79 154.70 154.60 154.51 154.41 154.29 154.15 154.02 153.92 153.86 153.87 153.97 154.13 154.32 154.53 154.70 154.82 154.89 154.92 154.93 154.93 154.92 154.92 154.94 154.97 155.00 155.03 155.03 155.01
155.12 155.17 155.24 155.35 155.48 155.61 155.75 155.88 155.99 156.09 156.19 156.27 156.35 156.42 156.47 156.52 156.57 156.60 156.62 156.61 156.58 156.49 156.36 156.19 156.00 155.81 155.65 155.53 155.44 155.37 155.31 155.26 155.22 155.17 155.14 155.12 155.10 155.09 155.06 155.02 154.96 154.89 154.80 154.71 154.62 154.53 154.43 154.30 154.17 154.04 153.93 153.88 153.89 153.99 154.15 154.34 154.54 154.72 154.84 154.91 154.95 154.96 154.95 154.95 154.95 154.97 155.00 155.03 155.06 155.07 155.04
155.39 155.47 155.57 155.68 155.80 155.92 156.05 156.17 156.27 156.37 156.47 156.56 156.64 156.70 156.75 156.78 156.80 156.81 156.79 156.76 156.69 156.58 156.41 156.21 155.99 155.78 155.60 155.46 155.35 155.27 155.20 155.15 155.10 155.06 155.04 155.03 155.04 155.04 155.04 155.02 154.97 154.90 154.82 154.73 154.63 154.54 154.45 154.32 154.19 154.06 153.96 153.91 153.92 154.01 154.17 154.37 154.57 154.74 154.87 154.94 154.97 154.98 154.98 154.98 154.99 155.01 155.04 155.07 155.10 155.11 155.09
155.64 155.76 155.86 155.98 156.09 156.20 156.32 156.42 156.52 156.61 156.71 156.80 156.89 156.95 156.98 157.00 156.99 156.97 156.93 156.86 156.77 156.63 156.45 156.22 155.99 155.76 155.56 155.40 155.28 155.19 155.11 155.06 155.01 154.97 154.95 154.96 154.98 155.00 155.01 154.99 154.95 154.89 154.81 154.72 154.63 154.54 154.45 154.33 154.20 154.08 153.98 153.93 153.94 154.04 154.20 154.39 154.59 154.76 154.89 154.96 155.00 155.01 155.02 155.02 155.03 155.05 155.08 155.12 155.15 155.16 155.15
155.86 155.99 156.11 156.22 156.33 156.43 156.53 156.62 156.71 156.80 156.89 156.98 157.06 157.12 157.14 157.14 157.12 157.07 157.00 156.91 156.80 156.65 156.45 156.22 155.97 155.73 155.53 155.37 155.24 155.14 155.06 154.99 154.94 154.90 154.88 154.89 154.92 154.94 154.95 154.94 154.90 154.84 154.77 154.69 154.60 154.52 154.43 154.32 154.20 154.08 153.99 153.94 153.96 154.06 154.21 154.40 154.60 154.77 154.90 154.97 155.01 155.04 155.04 155.05 155.06 155.09 155.13 155.18 155.22 155.23 155.22
156.04 156.18 156.30 156.40 156.50 156.58 156.66 156.74 156.82 156.90 156.99 157.08 157.15 157.20 157.21 157.20 157.15 157.09 157.00 156.89 156.77 156.61 156.42 156.19 155.95 155.72 155.52 155.36 155.24 155.13 155.05 154.98 154.92 154.87 154.84 154.84 154.84 154.85 154.85 154.83 154.80 154.74 154.68 154.61 154.53 154.46 154.38 154.28 154.17 154.07 153.99 153.95 153.97 154.07 154.23 154.41 154.61 154.78 154.90 154.98 155.03 155.05 155.07 155.08 155.10 155.14 155.20 155.25 155.30 155.33 155.33
156.19 156.33 156.44 156.54 156.62 156.68 156.75 156.81 156.87 156.94 157.02 157.10 157.16 157.20 157.20 157.17 157.12 157.03 156.93 156.81 156.68 156.53 156.35 156.14 155.93 155.72 155.54 155.39 155.27 155.17 155.09 155.01 154.94 154.88 154.83 154.80 154.77 154.74 154.71 154.68 154.63 154.58 154.53 154.48 154.42 154.36 154.30 154.22 154.13 154.04 153.98 153.95 153.99 154.08 154.24 154.43 154.61 154.78 154.91 154.99 155.04 155.07 155.10 155.12 155.15 155.20 155.27 155.35 155.42 155.46 155.48
156.32 156.45 156.56 156.64 156.70 156.75 156.79 156.83 156.88 156.94 157.01 157.07 157.12 157.15 157.15 157.10 157.03 156.93 156.82 156.69 156.56 156.42 156.26 156.08 155.90 155.73 155.57 155.44 155.33 155.23 155.15 155.07 154.99 154.92 154.84 154.76 154.69 154.62 154.56 154.50 154.45 154.40 154.36 154.33 154.29 154.25 154.21 154.14 154.07 154.01 153.96 153.95 154.00 154.10 154.26 154.44 154.62 154.79 154.91 155.00 155.06 155.10 155.13 155.16 155.20 155.27 155.36 155.46 155.55 155.61 155.64
156.45 156.57 156.66 156.73 156.77 156.80 156.82 156.85 156.88 156.92 156.98 157.02 157.06 157.08 157.07 157.01 156.92 156.81 156.69 156.55 156.42 156.29 156.16 156.01 155.87 155.73 155.60 155.49 155.39 155.30 155.21 155.13 155.04 154.95 154.85 154.73 154.62 154.51 154.41 154.32 154.26 154.22 154.20 154.18 154.16 154.14 154.11 154.07 154.02 153.97 153.95 153.96 154.01 154.11 154.27 154.44 154.62 154.78 154.91 155.00 155.06 155.11 155.15 155.20 155.25 155.33 155.44 155.56 155.68 155.76 155.80
156.57 156.68 156.77 156.82 156.85 156.86 156.86 156.87 156.89 156.92 156.95 156.99 157.01 157.02 156.99 156.92 156.83 156.70 156.56 156.42 156.29 156.17 156.06 155.95 155.83 155.72 155.61 155.51 155.42 155.34 155.25 155.17 155.07 154.97 154.84 154.70 154.55 154.41 154.28 154.18 154.11 154.08 154.06 154.06 154.05 154.05 154.04 154.01 153.97 153.95 153.94 153.96 154.01 154.12 154.27 154.44 154.61 154.77 154.89 154.99 155.06 155.12 155.17 155.23 155.30 155.39 155.52 155.66 155.79 155.89 155.95
156.71 156.81 156.89 156.93 156.94 156.94 156.93 156.93 156.93 156.94 156.97 156.99 157.00 156.99 156.95 156.87 156.75 156.62 156.47 156.32 156.19 156.07 155.97 155.87 155.78 155.68 155.59 155.50 155.41 155.33 155.24 155.15 155.06 154.95 154.82 154.66 154.50 154.34 154.20 154.09 154.03 153.99 153.98 153.99 153.99 154.00 153.99 153.97 153.95 153.93 153.93 153.96 154.01 154.12 154.25 154.41 154.57 154.73 154.85 154.95 155.03 155.10 155.17 155.25 155.33 155.44 155.58 155.73 155.88 155.99 156.06
